step,epoch,elapsed_sec,eta_sec,train_loss,lr,grad_norm,imgs_per_s,sec_per_step
1,1,148.74,2397813.72,0.141197,0.0008190697674418605,1.076071,0.5,137.5001
2,1,257.56,2075945.37,0.124904,0.0008881395348837208,0.965448,0.6,108.8139
3,1,258.23,1387470.39,0.152019,0.0009572093023255813,1.192953,95.9,0.667
4,1,258.9,1043243.82,0.136181,0.0010262790697674418,1.063539,95.5,0.67
5,1,259.57,836697.3,0.161003,0.0010953488372093022,1.260124,96.0,0.6669
6,1,260.23,698989.88,0.132924,0.0011644186046511629,1.005009,96.4,0.6636
7,1,260.9,600625.15,0.160201,0.0012334883720930235,1.228525,96.6,0.6626
8,1,261.56,526854.14,0.122137,0.001302558139534884,0.952698,96.4,0.6636
9,1,262.24,469500.14,0.159943,0.0013716279069767446,1.221915,94.5,0.6772
10,1,262.91,423604.94,0.133681,0.001440697674418605,1.041571,95.5,0.6699
11,1,263.58,386055.0,0.15142,0.0015097674418604657,1.161947,95.5,0.6703
12,1,264.25,354761.43,0.148918,0.0015788372093023262,1.146206,95.7,0.6687
13,1,264.93,328290.84,0.119385,0.0016479069767441868,0.909927,94.7,0.6759
14,1,266.0,306054.28,0.135894,0.0017169767441860473,1.075281,59.9,1.0692
15,1,266.94,286639.65,0.122952,0.001786046511627908,0.950955,68.4,0.9363
16,1,267.61,269387.89,0.142424,0.0018551162790697683,1.10467,94.9,0.6744
17,1,268.29,254163.57,0.136475,0.0019241860465116288,1.044181,95.2,0.672
18,1,268.96,240629.18,0.114962,0.0019932558139534894,0.850368,95.5,0.67
19,1,269.62,228508.62,0.135598,0.00206232558139535,1.023325,97.3,0.6577
20,1,270.29,217609.95,0.154796,0.0021313953488372103,1.154399,95.6,0.6697
21,1,270.97,207753.35,0.130702,0.0022004651162790705,0.985592,95.5,0.6698
22,1,271.64,198794.4,0.107859,0.002269534883720931,0.806085,94.5,0.6771
23,1,272.31,190605.6,0.118964,0.0023386046511627914,0.877878,96.3,0.6647
24,1,272.98,183102.26,0.133964,0.002407674418604652,0.993657,95.6,0.6695
25,1,273.65,176195.9,0.141899,0.0024767441860465127,1.048326,96.3,0.6644
26,1,274.31,169819.55,0.143017,0.002545813953488373,1.042232,96.6,0.6627
27,1,274.98,163917.16,0.136019,0.002614883720930233,0.974285,96.2,0.6655
28,1,275.67,158449.71,0.124143,0.002683953488372094,0.897116,92.9,0.6888
29,1,276.34,153349.15,0.099622,0.002753023255813954,0.706468,95.5,0.6702
30,1,277.0,148585.06,0.117943,0.0028220930232558147,0.822266,96.4,0.6636
31,1,277.67,144127.66,0.140342,0.0028911627906976754,0.976966,96.6,0.6627
32,1,278.33,139948.62,0.065693,0.002960232558139536,0.455823,96.9,0.6605
33,1,278.99,136021.53,0.135262,0.0030293023255813967,0.946554,97.0,0.6595
34,1,279.67,132332.28,0.106348,0.0030983720930232573,0.692437,94.9,0.6743
35,1,280.34,128853.96,0.10588,0.0031674418604651176,0.69841,94.9,0.6744
36,1,281.02,125567.48,0.133387,0.0032365116279069782,0.847847,95.3,0.6714
37,1,281.69,122459.48,0.129615,0.003305581395348839,0.824572,95.0,0.6734
38,1,282.38,119520.34,0.13906,0.0033746511627906995,0.866948,93.3,0.6857
39,1,283.05,116724.86,0.132048,0.0034437209302325598,0.821031,95.7,0.6687
40,1,283.74,114077.02,0.125103,0.00351279069767442,0.763978,92.9,0.6886
41,1,284.44,111561.31,0.119586,0.00358186046511628,0.739154,92.9,0.6887
42,1,285.12,109158.97,0.129211,0.003650930232558141,0.751704,94.2,0.6796
43,1,285.78,106861.0,0.145418,0.003720000000000001,0.86551,97.0,0.6599
44,1,286.46,104674.68,0.121754,0.0037890697674418613,0.706994,94.2,0.6797
45,1,287.13,102582.86,0.118276,0.003858139534883722,0.640715,95.2,0.6722
46,1,287.82,100586.02,0.12297,0.003927209302325582,0.661396,93.6,0.684
47,1,288.48,98666.52,0.133841,0.003996279069767442,0.716133,96.7,0.6617
48,1,289.15,96827.87,0.138778,0.004065348837209303,0.690125,96.3,0.6644
49,1,289.81,95064.73,0.133084,0.004134418604651163,0.650593,96.2,0.6655
50,1,290.5,93377.87,0.097155,0.004203488372093024,0.472969,93.6,0.684
51,1,291.18,91754.66,0.11536,0.004272558139534885,0.540917,94.7,0.6761
52,1,291.84,90190.9,0.143936,0.004341627906976745,0.669956,96.0,0.6666
53,1,292.51,88686.42,0.14102,0.004410697674418605,0.625605,95.9,0.6675
54,1,293.2,87241.82,0.126088,0.004479767441860466,0.564979,93.9,0.6817
55,1,293.87,85846.39,0.143011,0.004548837209302326,0.607406,95.5,0.6701
56,1,294.56,84507.54,0.143855,0.004617906976744187,0.585776,92.3,0.6932
57,1,295.24,83212.15,0.128429,0.004686976744186047,0.505433,93.9,0.6813
58,1,295.91,81957.59,0.109801,0.0047560465116279075,0.415163,95.9,0.6674
59,1,296.58,80745.87,0.136194,0.004825116279069768,0.499596,95.7,0.6689
60,1,297.25,79575.01,0.138793,0.004894186046511629,0.533092,95.5,0.6705
61,1,297.92,78442.07,0.134425,0.0049632558139534886,0.486166,96.5,0.6634
62,1,298.6,77346.75,0.123933,0.005032325581395349,0.46181,95.1,0.6732
63,1,299.27,76284.08,0.146228,0.00510139534883721,0.470165,96.3,0.6647
64,1,299.93,75253.18,0.138484,0.0051704651162790705,0.475887,97.1,0.6592
65,1,300.59,74254.17,0.134382,0.005239534883720931,0.4615,96.9,0.6602
66,1,301.25,73285.66,0.127491,0.005308604651162792,0.384981,96.8,0.661
67,1,301.92,72348.66,0.145555,0.005377674418604652,0.420655,95.3,0.6719
68,1,302.6,71441.27,0.154025,0.005446744186046511,0.434411,94.0,0.6807
69,1,303.27,70555.93,0.14948,0.005515813953488372,0.392037,96.6,0.6624
70,1,303.93,69694.78,0.150051,0.005584883720930233,0.38734,97.3,0.6579
71,1,304.6,68859.99,0.16384,0.0056539534883720925,0.449599,95.9,0.6672
72,1,305.27,68048.81,0.166336,0.005723023255813952,0.479319,95.7,0.6691
73,1,305.94,67259.81,0.13294,0.005792093023255813,0.314929,95.6,0.6692
74,1,306.61,66494.01,0.139911,0.005861162790697673,0.307345,94.4,0.6779
75,1,307.28,65745.56,0.148758,0.005930232558139533,0.346632,96.5,0.6635
76,1,307.96,65019.34,0.164737,0.005999302325581393,0.348844,94.8,0.6752
77,1,308.62,64308.77,0.156568,0.006068372093023254,0.338782,97.0,0.6601
78,1,309.28,63617.04,0.168424,0.006137441860465114,0.335317,96.5,0.6634
79,1,309.95,62942.55,0.168562,0.006206511627906974,0.331016,96.7,0.6621
80,1,310.61,62285.66,0.158872,0.006275581395348834,0.293531,96.1,0.666
81,1,311.29,61646.27,0.167296,0.006344651162790694,0.34437,95.8,0.6684
82,1,311.95,61021.1,0.146731,0.0064137209302325545,0.263363,96.2,0.6654
83,1,312.62,60410.78,0.157057,0.006482790697674415,0.2653,96.4,0.6642
84,1,313.3,59817.56,0.139038,0.006551860465116276,0.256427,94.4,0.6779
85,1,313.97,59236.92,0.161336,0.0066209302325581365,0.289885,95.4,0.6706
86,1,314.64,58668.66,0.161708,0.006689999999999997,0.26652,96.2,0.6651
87,1,315.3,58112.96,0.152524,0.006759069767441858,0.237618,96.6,0.6623
88,1,315.97,57571.89,0.161298,0.0068281395348837185,0.266518,95.1,0.6732
89,1,316.66,57045.26,0.166376,0.006897209302325579,0.261021,93.3,0.6859
90,1,317.32,56525.64,0.166626,0.00696627906976744,0.277258,97.0,0.6597
91,1,317.99,56019.05,0.171676,0.0070353488372093004,0.24893,95.6,0.6693
92,1,318.66,55523.37,0.179679,0.007104418604651161,0.25651,95.8,0.6684
93,1,319.33,55037.72,0.173164,0.007173488372093022,0.220331,96.3,0.6648
94,1,320.0,54563.76,0.179582,0.0072425581395348815,0.251291,95.1,0.6731
95,1,320.7,54103.07,0.168416,0.007311627906976742,0.25095,92.4,0.6923
96,1,321.36,53647.14,0.151898,0.007380697674418603,0.229503,96.4,0.6637
97,1,322.06,53206.31,0.171657,0.007449767441860464,0.241453,91.7,0.6981
98,1,322.73,52769.68,0.186331,0.007518837209302325,0.20024,95.7,0.6687
99,1,323.41,52343.22,0.183371,0.007587906976744186,0.286787,94.5,0.6776
100,1,324.09,51924.93,0.178188,0.0076569767441860455,0.240591,94.8,0.6751
101,1,324.76,51514.09,0.198034,0.007726046511627906,0.247164,96.2,0.6654
102,1,325.59,51137.56,0.183857,0.007795116279069766,0.219579,76.4,0.8374
103,1,326.35,50755.87,0.186206,0.007864186046511627,0.226647,84.5,0.7573
104,1,327.03,50369.66,0.196098,0.007933255813953488,0.241082,94.1,0.6803
105,1,327.7,49987.67,0.168273,0.008002325581395348,0.174488,97.0,0.6599
106,1,328.36,49613.84,0.176924,0.008071395348837208,0.181558,96.1,0.6662
107,1,329.03,49246.36,0.166737,0.00814046511627907,0.18071,96.7,0.6621
108,1,329.7,48887.49,0.188853,0.00820953488372093,0.23407,94.9,0.6742
109,1,330.36,48533.08,0.187346,0.008278604651162792,0.274497,97.0,0.6597
110,1,331.04,48187.14,0.196012,0.008347674418604652,0.168753,95.0,0.6736
111,1,331.71,47847.18,0.165349,0.008416744186046514,0.180202,95.2,0.6723
112,1,332.38,47512.35,0.170892,0.008485813953488375,0.168743,96.2,0.6656
113,1,333.05,47184.24,0.18008,0.008554883720930235,0.196764,95.3,0.6714
114,1,333.73,46862.25,0.163709,0.008623953488372096,0.170199,94.9,0.6741
115,1,334.41,46547.43,0.202221,0.008693023255813956,0.206223,93.4,0.6852
116,1,335.09,46236.7,0.167528,0.008762093023255818,0.133474,94.8,0.6754
117,1,335.76,45930.88,0.177668,0.008831162790697678,0.18486,95.1,0.6727
118,1,336.45,45631.07,0.160235,0.008900232558139537,0.149322,94.4,0.678
119,1,337.11,45334.79,0.170762,0.008969302325581397,0.180027,95.8,0.6684
120,1,337.78,45043.39,0.184289,0.009038372093023259,0.180949,95.9,0.6677
121,1,338.46,44757.61,0.180051,0.00910744186046512,0.208355,95.6,0.6696
122,1,339.12,44475.17,0.176571,0.009176511627906982,0.194742,96.4,0.6639
123,1,339.81,44200.41,0.189267,0.009245581395348843,0.221461,93.1,0.6875
124,1,340.51,43931.63,0.187141,0.009314651162790705,0.179582,91.5,0.6993
125,1,341.19,43664.1,0.208269,0.009383720930232566,0.21148,94.7,0.6759
126,1,341.87,43400.87,0.20303,0.009452790697674428,0.17012,94.6,0.6766
127,1,342.53,43140.02,0.181898,0.00952186046511629,0.162142,96.6,0.6625
128,1,343.21,42885.09,0.160304,0.00959093023255815,0.175544,94.5,0.6773
129,1,343.88,42633.68,0.215891,0.009660000000000012,0.190427,95.0,0.6735
130,1,344.56,42386.5,0.19433,0.009729069767441874,0.254158,94.6,0.6769
131,1,345.23,42141.3,0.195078,0.009798139534883735,0.230179,96.6,0.6624
132,1,345.89,41899.62,0.180294,0.009867209302325595,0.173494,96.9,0.6607
133,1,346.56,41663.14,0.182771,0.009936279069767457,0.176078,95.0,0.6738
134,1,347.23,41429.27,0.168772,0.010005348837209318,0.243965,96.1,0.666
135,1,347.9,41198.81,0.186015,0.010074418604651178,0.203555,96.2,0.6652
136,1,348.56,40970.96,0.1909,0.010143488372093038,0.168549,97.1,0.6592
137,1,349.22,40746.91,0.20785,0.0102125581395349,0.251952,96.5,0.6635
138,1,349.9,40527.2,0.201689,0.01028162790697676,0.252277,95.1,0.6728
139,1,350.57,40310.82,0.165924,0.010350697674418622,0.178559,94.8,0.6748
140,1,351.25,40097.15,0.166662,0.010419767441860482,0.210307,95.4,0.671
141,1,351.94,39888.7,0.183256,0.010488837209302342,0.147103,93.5,0.6846
142,1,352.6,39680.3,0.219372,0.010557906976744203,0.195599,96.2,0.6651
143,1,353.27,39474.95,0.184055,0.010626976744186065,0.19285,96.0,0.6664
144,1,353.95,39273.26,0.198857,0.010696046511627925,0.17607,95.0,0.6736
145,1,354.62,39074.27,0.163296,0.010765116279069785,0.171551,95.1,0.6732
146,1,355.29,38876.96,0.164651,0.010834186046511646,0.173475,96.4,0.6636
147,1,355.95,38682.59,0.195283,0.010903255813953506,0.259468,96.1,0.6662
148,1,356.61,38490.26,0.165831,0.010972325581395367,0.235682,96.8,0.6609
149,1,357.3,38302.73,0.199362,0.011041395348837227,0.231166,93.9,0.6815
150,1,357.97,38117.12,0.18256,0.011110465116279087,0.242324,94.7,0.676
151,1,358.64,37933.07,0.183136,0.011179534883720947,0.263942,95.9,0.6676
152,1,359.31,37750.91,0.148368,0.011248604651162808,0.270403,96.6,0.6627
153,1,359.98,37571.97,0.161768,0.011317674418604668,0.26755,95.4,0.6707
154,1,360.65,37395.08,0.183345,0.011386744186046528,0.224861,95.8,0.6682
155,1,361.33,37221.37,0.174829,0.01145581395348839,0.159522,94.5,0.6771
156,1,361.99,37048.23,0.204659,0.011524883720930251,0.236511,96.8,0.661
157,1,362.67,36878.98,0.18402,0.011593953488372112,0.287276,94.4,0.6778
158,1,363.33,36710.29,0.165225,0.011663023255813972,0.269728,96.7,0.6618
159,1,364.0,36544.72,0.17606,0.011732093023255834,0.214626,95.2,0.672
160,1,364.68,36380.93,0.190574,0.011801162790697694,0.270386,95.6,0.6693
161,1,365.34,36218.83,0.200078,0.011870232558139555,0.257443,96.8,0.6611
162,1,366.04,36061.54,0.172281,0.011939302325581415,0.310453,92.2,0.6943
163,1,366.72,35905.15,0.157638,0.012008372093023275,0.2428,93.6,0.6841
164,1,367.39,35748.38,0.160799,0.012077441860465136,0.230083,96.9,0.6605
165,1,368.06,35595.2,0.196661,0.012146511627906998,0.215581,94.4,0.678
166,1,368.75,35444.14,0.199936,0.012215581395348857,0.226264,93.9,0.6814
167,1,369.44,35296.06,0.196005,0.012284651162790717,0.215188,92.4,0.6927
168,1,370.13,35149.09,0.189759,0.012353720930232579,0.284878,93.3,0.6861
169,1,370.85,35006.47,0.173271,0.01242279069767444,0.243339,89.6,0.7145
170,1,371.57,34866.72,0.171958,0.012491860465116302,0.283849,88.0,0.727
171,1,372.26,34724.94,0.162333,0.012560930232558163,0.208231,93.1,0.6877
172,1,372.93,34582.79,0.190459,0.012630000000000023,0.238689,96.1,0.6662
173,1,373.61,34443.49,0.205156,0.012699069767441883,0.290974,94.1,0.6798
174,1,374.27,34304.23,0.178342,0.012768139534883744,0.272717,96.6,0.6625
175,1,374.96,34168.18,0.17889,0.012837209302325604,0.313525,94.1,0.6803
176,1,375.7,34038.91,0.197033,0.012906279069767466,0.287843,86.7,0.7383
177,1,376.4,33908.11,0.1656,0.012975348837209326,0.350605,90.8,0.7051
178,1,377.11,33778.75,0.142974,0.013044418604651187,0.263463,90.8,0.7052
179,1,377.79,33648.58,0.172268,0.013113488372093049,0.369175,94.2,0.6797
180,1,378.48,33520.69,0.139672,0.013182558139534908,0.272429,92.9,0.6891
181,1,379.15,33392.21,0.205206,0.013251627906976768,0.275323,97.0,0.6596
182,1,379.82,33265.48,0.181652,0.01332069767441863,0.304369,95.5,0.6704
183,1,380.48,33139.36,0.167952,0.013389767441860491,0.322525,96.7,0.6617
184,1,381.17,33016.47,0.142274,0.013458837209302353,0.23814,93.7,0.6833
185,1,381.89,32897.96,0.15665,0.013527906976744213,0.274688,89.1,0.7186
186,1,382.55,32776.22,0.149528,0.013596976744186074,0.384477,96.0,0.6663
187,1,383.22,32655.97,0.167436,0.013666046511627934,0.390802,95.8,0.6683
188,1,383.89,32536.45,0.163139,0.013735116279069795,0.310535,96.6,0.6623
189,1,384.65,32426.79,0.153747,0.013804186046511657,0.456841,83.7,0.7642
190,1,385.39,32316.23,0.174858,0.013873255813953518,0.298626,86.5,0.7395
191,1,386.07,32201.49,0.166094,0.01394232558139538,0.277147,94.7,0.676
192,1,386.74,32087.11,0.1712,0.01401139534883724,0.273387,96.1,0.6658
193,1,387.41,31973.96,0.164529,0.0140804651162791,0.427294,96.0,0.6666
194,1,388.09,31863.49,0.156113,0.014149534883720961,0.263097,93.4,0.6849
195,1,388.77,31753.32,0.180811,0.014218604651162823,0.307863,94.8,0.675
196,1,389.45,31644.5,0.18287,0.014287674418604684,0.271042,94.5,0.6775
197,1,390.11,31535.68,0.171801,0.014356744186046546,0.297654,96.3,0.6645
198,1,390.8,31430.08,0.164106,0.014425813953488407,0.368225,92.7,0.6907
199,1,391.48,31324.0,0.152864,0.014494883720930269,0.270061,95.3,0.6713
200,1,392.14,31218.1,0.162411,0.014563953488372128,0.336438,96.9,0.6606
201,1,392.82,31114.97,0.155401,0.01463302325581399,0.394486,94.4,0.6777
202,1,393.5,31012.27,0.163255,0.01470209302325585,0.299684,94.9,0.6746
203,1,394.17,30910.4,0.157377,0.014771162790697711,0.324025,95.1,0.6727
204,1,394.9,30813.77,0.17637,0.014840232558139573,0.316359,88.0,0.7271
205,1,395.58,30714.31,0.164927,0.014909302325581433,0.312797,94.3,0.6784
206,1,396.25,30615.32,0.147384,0.014978372093023292,0.343928,95.2,0.6721
207,1,396.96,30519.75,0.127234,0.015047441860465152,0.346951,90.9,0.7042
208,1,397.64,30423.0,0.173688,0.015116511627907014,0.450724,94.5,0.677
209,1,398.33,30328.11,0.117185,0.015185581395348874,0.337816,92.8,0.6896
210,1,399.04,30235.75,0.145836,0.015254651162790735,0.282869,90.1,0.7104
211,1,399.83,30150.27,0.175842,0.015323720930232595,0.320236,81.1,0.7888
212,1,400.51,30057.21,0.162483,0.015392790697674455,0.35008,94.3,0.6785
213,1,401.18,29964.44,0.148581,0.015461860465116316,0.415708,95.3,0.6713
214,1,401.85,29872.14,0.14446,0.015530930232558178,0.353458,96.1,0.6661
215,1,402.54,29782.19,0.126271,0.01560000000000004,0.32966,93.3,0.686
216,1,403.26,29695.68,0.126091,0.0156690697674419,0.395922,88.7,0.7219
217,1,403.95,29607.28,0.12777,0.01573813953488376,0.277739,93.4,0.6851
218,1,404.63,29519.15,0.131327,0.015807209302325622,0.354944,94.5,0.6776
219,1,405.29,29430.62,0.148664,0.01587627906976748,0.360472,96.8,0.6612
220,1,405.97,29344.49,0.145894,0.015945348837209338,0.317746,93.6,0.6836
221,1,406.64,29257.89,0.132903,0.0160144186046512,0.405648,96.8,0.661
222,1,407.3,29171.81,0.153499,0.01608348837209306,0.307918,96.6,0.6628
223,1,407.98,29087.45,0.11386,0.01615255813953492,0.340045,94.7,0.6759
224,1,408.73,29009.13,0.154706,0.016221627906976777,0.417304,85.3,0.75
225,1,409.52,28933.97,0.141403,0.01629069767441864,0.378128,81.5,0.7851
226,1,410.35,28862.26,0.135953,0.0163597674418605,0.291849,77.6,0.8246
227,1,411.09,28785.23,0.131361,0.016428837209302362,0.3565,86.5,0.7401
228,1,411.79,28705.84,0.152471,0.01649790697674422,0.379989,91.9,0.6965
229,1,412.45,28624.82,0.159993,0.01656697674418608,0.379577,96.5,0.6635
230,1,413.13,28545.61,0.123397,0.016636046511627943,0.377124,94.1,0.6798
231,1,413.8,28466.31,0.104969,0.016705116279069804,0.353984,95.8,0.6681
232,1,414.47,28387.64,0.180459,0.016774186046511663,0.409726,95.9,0.6675
233,1,415.14,28309.36,0.118021,0.016843255813953524,0.428235,96.4,0.664
234,1,415.8,28231.93,0.153545,0.016912325581395386,0.508041,96.0,0.6665
235,1,416.47,28155.24,0.141551,0.016981395348837247,0.412399,95.9,0.6677
236,1,417.15,28079.97,0.128452,0.01705046511627911,0.37132,94.3,0.6784
237,1,417.82,28004.52,0.16159,0.01711953488372097,0.462213,95.9,0.667
238,1,418.51,27930.84,0.115001,0.01718860465116283,0.434741,93.6,0.6841
239,1,419.18,27856.73,0.132525,0.017257674418604693,0.419157,95.7,0.6686
240,1,419.84,27783.21,0.145843,0.017326744186046555,0.414608,95.8,0.6681
241,1,420.53,27711.3,0.120087,0.017395813953488416,0.364365,94.5,0.6772
242,1,421.2,27638.93,0.11909,0.017464883720930278,0.393178,95.9,0.6674
243,1,421.86,27566.99,0.115612,0.01753395348837214,0.55973,96.2,0.6652
244,1,422.53,27495.92,0.141011,0.017603023255814,0.444103,95.6,0.6693
245,1,423.2,27424.97,0.124527,0.017672093023255862,0.465013,96.6,0.6625
246,1,423.87,27355.12,0.135262,0.01774116279069772,0.536066,95.5,0.6705
247,1,424.53,27285.34,0.145155,0.01781023255813958,0.36007,96.6,0.6628
248,1,425.2,27216.03,0.109408,0.01787930232558144,0.444045,96.8,0.6614
249,1,425.87,27148.2,0.108041,0.017948372093023298,0.56478,94.6,0.6762
250,1,426.54,27080.05,0.143385,0.01801744186046516,0.519591,96.6,0.6627
251,1,427.21,27013.05,0.166894,0.01808651162790702,0.485064,95.2,0.6724
252,1,427.88,26946.0,0.111429,0.018155581395348883,0.436539,96.5,0.6632
253,1,428.55,26880.32,0.154392,0.018224651162790744,0.441782,94.6,0.6765
254,1,429.22,26814.4,0.10978,0.018293720930232602,0.382013,96.3,0.6646
255,1,429.89,26749.29,0.122079,0.018362790697674464,0.486019,95.6,0.6693
256,1,430.55,26684.29,0.125226,0.018431860465116325,0.53569,96.5,0.6633
257,1,431.22,26619.91,0.153924,0.018500930232558187,0.639812,96.2,0.665
258,1,431.9,26556.89,0.134154,0.01857000000000005,0.363906,94.3,0.679
259,1,432.56,26493.33,0.130524,0.018639069767441906,0.685252,96.6,0.6624
260,1,433.22,26429.98,0.155512,0.018708139534883768,0.431189,97.2,0.6581
261,1,433.89,26367.59,0.140464,0.01877720930232563,0.458483,96.8,0.661
262,1,434.56,26305.65,0.117471,0.018846279069767487,0.294491,96.2,0.6654
263,1,435.23,26244.44,0.112982,0.01891534883720935,0.582953,95.6,0.6696
264,1,435.89,26183.18,0.094909,0.01898441860465121,0.462476,96.8,0.6613
265,1,436.57,26123.23,0.160852,0.019053488372093072,0.560144,94.8,0.6753
266,1,437.23,26063.03,0.091043,0.019122558139534934,0.521462,96.4,0.6638
267,1,437.91,26004.01,0.130963,0.019191627906976795,0.432976,94.7,0.6759
268,1,438.58,25945.22,0.149622,0.019260697674418653,0.7192,95.2,0.6726
269,1,439.25,25886.26,0.121069,0.019329767441860515,0.520358,96.6,0.6623
270,1,439.93,25828.58,0.121475,0.019398837209302376,0.434197,94.6,0.6768
271,1,440.59,25770.5,0.133272,0.019467906976744238,0.538527,96.5,0.663
272,1,441.27,25713.54,0.082263,0.0195369767441861,0.347504,94.8,0.6749
273,1,441.94,25656.62,0.119859,0.019606046511627957,0.595991,95.7,0.6686
274,1,442.6,25599.96,0.173094,0.019675116279069815,0.497366,96.1,0.6657
275,1,443.28,25544.15,0.146428,0.019744186046511677,0.554554,95.0,0.6738
276,1,443.95,25488.28,0.119322,0.01981325581395354,0.577896,96.1,0.6656
277,1,444.61,25432.77,0.130704,0.0198823255813954,0.386216,96.3,0.6647
278,1,445.27,25377.38,0.129824,0.019951395348837258,0.463665,97.0,0.6599
279,1,445.94,25322.77,0.163345,0.02002046511627912,0.440367,96.0,0.6668
280,1,446.62,25269.13,0.093771,0.02008953488372098,0.509397,94.6,0.6768
281,1,447.29,25215.48,0.155612,0.020158604651162843,0.593583,96.1,0.666
282,1,447.96,25162.24,0.118348,0.020227674418604704,0.452664,95.4,0.6707
283,1,448.66,25110.51,0.128822,0.020296744186046566,0.644227,92.6,0.6914
284,1,449.32,25057.54,0.089613,0.020365813953488427,0.475423,96.6,0.6626
285,1,449.98,25004.78,0.127748,0.02043488372093029,0.544097,97.0,0.66
286,1,450.66,24953.41,0.11157,0.020503953488372147,0.498566,94.4,0.6779
287,1,451.33,24901.89,0.114463,0.020573023255814008,0.453883,95.6,0.6692
288,1,452.0,24850.32,0.098065,0.02064209302325587,0.664216,96.7,0.6618
289,1,452.67,24799.49,0.126923,0.02071116279069773,0.516417,95.7,0.669
290,1,453.34,24749.24,0.101632,0.020780232558139593,0.428128,95.0,0.6735
291,1,454.01,24699.1,0.088788,0.020849302325581454,0.535071,95.7,0.6685
292,1,454.68,24649.48,0.117892,0.020918372093023312,0.498698,95.2,0.6726
293,1,455.36,24600.41,0.135759,0.020987441860465174,0.473722,94.6,0.6762
294,1,456.03,24551.31,0.118691,0.021056511627907035,0.685759,95.5,0.6699
295,1,456.7,24502.3,0.105624,0.021125581395348893,0.663365,96.2,0.6655
296,1,457.36,24453.39,0.062211,0.021194651162790755,0.489932,96.8,0.6611
297,1,458.03,24404.95,0.09367,0.021263720930232613,0.499846,96.4,0.6639
298,1,458.7,24357.17,0.167642,0.02133279069767447,0.528238,95.4,0.6705
299,1,459.36,24309.3,0.077501,0.02140186046511633,0.47326,96.6,0.6625
300,1,460.02,24261.71,0.138635,0.02147093023255819,0.472191,96.7,0.6617
301,1,501.82,26376.13,0.106648,0.021540000000000052,0.468465,92.4,0.6923
302,1,502.48,26322.07,0.119945,0.021609069767441914,0.462746,96.2,0.665
303,1,503.15,26268.27,0.087321,0.021678139534883772,0.429358,96.4,0.6639
304,1,503.81,26214.73,0.100787,0.021747209302325633,0.496473,96.7,0.6622
305,1,504.47,26161.53,0.088784,0.021816279069767495,0.470356,96.7,0.6622
306,1,505.14,26108.75,0.109552,0.021885348837209356,0.552146,96.5,0.6635
307,1,505.82,26056.97,0.115054,0.021954418604651218,0.554495,94.6,0.6765
308,1,506.49,26005.14,0.153342,0.02202348837209308,0.496601,95.7,0.6687
309,1,507.16,25953.77,0.106512,0.022092558139534937,0.762852,95.3,0.6714
310,1,507.82,25902.0,0.099044,0.022161627906976795,0.408518,97.3,0.6574
311,1,508.49,25851.03,0.126708,0.022230697674418657,0.519546,96.0,0.6666
312,1,509.15,25800.06,0.118343,0.02229976744186052,0.585431,96.9,0.6602
313,1,509.81,25749.51,0.143891,0.02236883720930238,0.500287,96.6,0.6622
314,1,510.51,25700.94,0.097882,0.02243790697674424,0.348986,92.1,0.6949
315,1,511.19,25652.02,0.089664,0.022506976744186103,0.450739,93.8,0.6822
316,1,511.87,25603.01,0.039835,0.02257604651162796,0.369393,94.9,0.6744
317,1,512.53,25553.72,0.1581,0.022645116279069823,0.657083,96.6,0.6625
318,1,513.23,25506.37,0.097129,0.022714186046511684,0.556027,92.1,0.6949
319,1,513.91,25458.59,0.14076,0.022783255813953542,0.519183,94.0,0.6809
320,1,514.6,25411.74,0.115362,0.0228523255813954,0.684217,92.4,0.6923
321,1,515.27,25363.89,0.095079,0.022921395348837262,0.584305,96.7,0.6616
322,1,515.94,25316.23,0.099667,0.022990465116279123,0.423963,96.2,0.6656
323,1,516.63,25270.28,0.14486,0.02305953488372098,0.608303,92.2,0.6943
324,1,517.45,25230.66,0.145008,0.023128604651162843,0.45442,78.3,0.8179
325,1,518.28,25191.43,0.1186,0.0231976744186047,0.560793,77.9,0.8213
326,1,519.14,25154.19,0.091862,0.023266744186046562,0.446856,74.6,0.8574
327,1,519.8,25107.89,0.067719,0.023335813953488424,0.388816,96.1,0.6657
328,1,520.49,25062.97,0.068338,0.023404883720930286,0.405521,93.0,0.6885
329,1,521.16,25017.24,0.136445,0.023473953488372147,0.428738,96.1,0.6662
330,1,521.86,24973.14,0.118143,0.023543023255814005,0.65062,92.2,0.6944
331,1,522.52,24927.88,0.104304,0.023612093023255863,0.64161,96.3,0.6645
332,1,523.18,24882.76,0.110257,0.02368116279069772,0.691744,96.7,0.6619
333,1,523.86,24838.44,0.108935,0.02375023255813958,0.615129,95.1,0.6732
334,1,524.53,24794.36,0.120562,0.02381930232558144,0.540183,95.1,0.6727
335,1,525.19,24749.94,0.133068,0.023888372093023302,0.471781,97.0,0.6599
336,1,525.87,24706.39,0.068206,0.023957441860465164,0.489399,95.1,0.6727
337,1,526.55,24663.51,0.124073,0.024026511627907025,0.622036,93.9,0.6819
338,1,527.24,24621.07,0.079121,0.024095581395348883,0.465239,93.3,0.686
339,1,527.98,24581.64,0.097374,0.024164651162790745,0.589276,85.9,0.7452
340,1,528.83,24547.01,0.061002,0.024233720930232606,0.544618,75.9,0.8434
341,1,529.65,24511.48,0.073517,0.024302790697674465,0.651447,79.3,0.8075
342,1,530.34,24470.29,0.114955,0.024371860465116326,0.603315,92.4,0.6926
343,1,531.04,24429.41,0.070737,0.024440930232558188,0.707753,92.2,0.6941
344,1,531.73,24388.69,0.088426,0.024510000000000046,0.440341,92.4,0.6929
345,1,532.47,24350.0,0.133465,0.024579069767441907,0.542047,87.4,0.7324
346,1,533.19,24310.82,0.144255,0.02464813953488377,0.894253,89.3,0.7168
347,1,533.88,24270.89,0.11286,0.02471720930232563,0.647364,92.1,0.6951
348,1,534.55,24230.02,0.107117,0.02478627906976749,0.490665,95.6,0.6697
349,1,535.22,24189.39,0.137175,0.024855348837209353,0.685548,95.5,0.6699
350,1,535.91,24149.81,0.082289,0.024924418604651215,0.619476,93.0,0.6878
351,1,536.58,24109.62,0.088019,0.024993488372093076,0.633071,95.6,0.6695
352,1,537.25,24069.25,0.073431,0.025062558139534938,0.558653,96.9,0.6604
353,1,537.93,24030.08,0.080655,0.0251316279069768,0.837196,93.8,0.6821
354,1,538.59,23990.04,0.105091,0.02520069767441866,0.502804,97.3,0.6577
355,1,539.27,23951.29,0.067155,0.025269767441860522,0.608353,93.9,0.6817
356,1,539.96,23912.75,0.152305,0.025338837209302384,0.660655,93.9,0.6818
357,1,540.67,23875.78,0.067243,0.025407906976744242,0.442244,89.8,0.7125
358,1,541.34,23837.15,0.117523,0.025476976744186104,0.849619,95.6,0.6698
359,1,542.07,23801.28,0.120375,0.02554604651162796,0.787768,88.0,0.7275
360,1,542.74,23763.01,0.111663,0.025615116279069823,0.583161,95.7,0.669
361,1,543.44,23726.4,0.09834,0.02568418604651168,0.51223,92.2,0.6941
362,1,544.14,23689.45,0.120697,0.025753255813953543,0.596896,92.7,0.6901
363,1,544.82,23652.35,0.114659,0.0258223255813954,0.617656,93.9,0.6818
364,1,545.7,23623.9,0.105449,0.025891395348837262,0.749964,73.0,0.8767
365,1,546.51,23592.93,0.124125,0.025960465116279124,1.040432,78.6,0.8147
366,1,547.42,23565.99,0.116385,0.026029534883720985,1.072615,70.8,0.9039
367,1,548.26,23536.48,0.098126,0.026098604651162843,0.521935,76.1,0.8411
368,1,549.19,23510.62,0.108222,0.026167674418604705,0.624214,69.3,0.9231
369,1,549.99,23479.8,0.09642,0.026236744186046566,1.089352,79.6,0.8038
370,1,550.87,23452.01,0.104867,0.02630581395348843,0.407165,73.4,0.8714
371,1,551.54,23416.09,0.104907,0.026374883720930293,0.493548,94.6,0.6766
372,1,552.22,23380.42,0.123366,0.02644395348837215,0.665384,94.4,0.6781
373,1,552.91,23345.14,0.102811,0.02651302325581401,0.74514,93.7,0.6827
374,1,553.61,23310.66,0.090994,0.02658209302325587,0.754057,91.8,0.6973
375,1,554.29,23275.65,0.091107,0.026651162790697732,0.505405,94.0,0.6806
376,1,554.96,23240.25,0.05855,0.02672023255813959,0.536198,96.0,0.667
377,1,555.64,23205.9,0.132763,0.02678930232558145,0.464554,93.1,0.6875
378,1,556.4,23174.58,0.134186,0.026858372093023313,0.480923,84.7,0.7559
379,1,557.08,23140.3,0.112827,0.02692744186046517,0.732535,94.0,0.6811
380,1,557.77,23106.16,0.067533,0.02699651162790703,0.527551,94.1,0.6798
381,1,558.43,23071.68,0.132159,0.027065581395348887,0.480761,96.7,0.662
382,1,559.11,23037.71,0.085525,0.02713465116279075,0.954067,94.8,0.6752
383,1,559.85,23006.46,0.096751,0.02720372093023261,0.586361,86.7,0.7378
384,1,560.53,22972.87,0.121049,0.027272790697674472,0.799444,94.8,0.6753
385,1,561.23,22940.48,0.100072,0.027341860465116333,0.696959,91.2,0.7016
386,1,561.9,22907.08,0.081801,0.027410930232558195,0.552758,95.1,0.6732
387,1,562.61,22875.04,0.108256,0.027480000000000056,0.592735,91.4,0.7005
388,1,563.38,22845.81,0.111368,0.027549069767441918,0.677962,83.4,0.7673
389,1,564.04,22812.29,0.064595,0.02761813953488378,0.434695,97.3,0.658
390,1,564.71,22779.64,0.067494,0.027687209302325638,0.57573,94.8,0.6752
391,1,565.38,22746.77,0.11199,0.0277562790697675,0.63939,96.1,0.6659
392,1,566.05,22714.15,0.142068,0.02782534883720936,0.530957,95.8,0.6677
393,1,566.73,22682.18,0.062197,0.027894418604651222,0.450937,94.1,0.68
394,1,567.43,22651.31,0.101519,0.027963488372093084,0.561108,91.1,0.7028
395,1,568.1,22619.05,0.107231,0.02803255813953494,1.116813,96.2,0.665
396,1,568.8,22588.1,0.107234,0.028101627906976803,0.921817,92.2,0.6938
397,1,569.49,22557.31,0.08536,0.028170697674418665,0.676186,92.2,0.6939
398,1,570.17,22526.11,0.070992,0.028239767441860526,0.49445,94.2,0.6797
399,1,570.85,22494.83,0.035916,0.028308837209302388,0.364102,95.0,0.6738
400,1,571.51,22463.34,0.141956,0.028377906976744246,0.984528,96.3,0.6649
401,1,572.27,22435.38,0.121011,0.028446976744186104,0.650453,94.4,0.6778
402,1,572.93,22404.21,0.081342,0.028516046511627962,0.561635,96.2,0.6653
403,1,573.6,22373.41,0.084885,0.028585116279069823,0.473647,95.4,0.6708
404,1,574.28,22342.82,0.093176,0.028654186046511685,0.403799,95.2,0.6724
405,1,574.97,22312.92,0.099587,0.028723255813953547,0.501298,93.3,0.6863
406,1,575.64,22282.65,0.133639,0.02879232558139541,0.831835,95.1,0.673
407,1,576.32,22252.74,0.086083,0.028861395348837273,0.465735,94.3,0.6789
408,1,577.01,22223.51,0.092073,0.02893046511627913,0.732338,92.4,0.6924
409,1,577.68,22193.21,0.094865,0.028999534883720993,0.580987,96.8,0.6612
410,1,578.36,22163.83,0.1299,0.02906860465116285,0.956732,93.9,0.6813
411,1,579.02,22133.84,0.108028,0.02913767441860471,0.641362,96.7,0.6617
412,1,579.7,22104.41,0.082973,0.02920674418604657,0.669861,95.1,0.6728
413,1,580.38,22075.49,0.123741,0.02927581395348843,0.545977,93.8,0.6822
414,1,581.04,22045.9,0.094529,0.02934488372093029,0.668388,96.8,0.661
415,1,581.71,22016.72,0.088529,0.02941395348837215,0.517868,95.8,0.6683
416,1,582.4,21988.25,0.088986,0.029483023255814013,0.479179,93.6,0.6836
417,1,583.12,21961.27,0.067243,0.02955209302325587,0.621166,89.0,0.7194
418,1,584.06,21942.8,0.073098,0.02962116279069773,0.413345,67.9,0.9424
419,1,585.18,21930.81,0.084337,0.029690232558139587,0.508177,57.6,1.1109
420,1,586.1,21911.71,0.11461,0.02975930232558145,0.960027,69.5,0.9205
421,1,586.89,21887.92,0.050678,0.02982837209302331,0.426716,81.6,0.7848
422,1,587.6,21861.03,0.125017,0.02989744186046517,0.553063,90.4,0.7076
423,1,588.35,21835.79,0.141219,0.02996651162790703,0.845009,85.5,0.7484
424,1,589.03,21807.85,0.074351,0.03003558139534889,0.611489,95.2,0.6722
425,1,589.72,21780.8,0.064769,0.03010465116279075,0.464556,92.3,0.6931
426,1,590.43,21754.4,0.093393,0.030173720930232607,0.646716,90.5,0.7074
427,1,591.11,21727.21,0.111798,0.03024279069767447,0.576818,93.8,0.6823
428,1,591.8,21700.18,0.061488,0.03031186046511633,0.377578,93.7,0.6833
429,1,592.48,21673.24,0.141311,0.030380930232558192,0.700052,93.7,0.6829
430,1,593.17,21646.65,0.081497,0.03045000000000005,1.096808,92.9,0.6888
431,1,593.87,21620.29,0.094892,0.030519069767441908,0.762482,92.5,0.692
432,1,594.56,21594.1,0.111598,0.030588139534883766,0.578713,92.3,0.6935
433,1,595.33,21570.86,0.100787,0.030657209302325628,0.813429,82.9,0.7716
434,1,596.01,21544.12,0.094566,0.030726279069767486,0.671398,95.3,0.6718
435,1,596.69,21517.87,0.099909,0.030795348837209347,0.518546,93.8,0.6823
436,1,597.36,21491.23,0.089167,0.03086441860465121,0.469818,95.8,0.6678
437,1,598.03,21464.65,0.09424,0.03093348837209307,0.652628,96.0,0.6665
438,1,598.71,21438.91,0.083656,0.03100255813953493,0.562606,93.2,0.6864
439,1,599.38,21412.33,0.124805,0.03107162790697679,0.879874,97.0,0.6598
440,1,600.04,21386.05,0.078893,0.031140697674418648,0.528877,96.2,0.6653
441,1,600.71,21360.1,0.102637,0.031209767441860506,0.567176,96.2,0.6652
442,1,601.38,21333.94,0.111738,0.03127883720930237,0.548754,96.7,0.6618
443,1,602.06,21308.54,0.094867,0.031347906976744236,0.451664,94.1,0.6801
444,1,602.73,21283.04,0.097049,0.031416976744186094,0.379194,94.9,0.6743
445,1,603.42,21258.14,0.107593,0.03148604651162795,0.850102,93.1,0.6877
446,1,604.09,21232.71,0.094785,0.03155511627906981,0.621173,95.6,0.6698
447,1,604.78,21208.03,0.061457,0.031624186046511675,0.553461,93.0,0.6882
448,1,605.46,21183.04,0.115138,0.03169325581395354,1.22198,94.7,0.6758
449,1,606.14,21158.08,0.136879,0.0317623255813954,0.872125,95.0,0.6737
450,1,606.81,21133.14,0.085259,0.031831395348837256,0.781659,95.4,0.6707
451,1,607.49,21108.43,0.131951,0.031900465116279114,0.617036,94.8,0.6752
452,1,608.19,21084.78,0.122148,0.03196953488372098,0.578945,91.2,0.702
453,1,608.86,21059.96,0.071455,0.03203860465116284,0.677216,96.1,0.6658
454,1,609.54,21035.69,0.050308,0.032107674418604695,0.517623,94.4,0.6782
455,1,610.2,21011.14,0.11005,0.03217674418604655,0.740856,96.0,0.6669
456,1,610.88,20986.78,0.132095,0.03224581395348841,0.544381,95.5,0.6699
457,1,611.65,20965.95,0.086176,0.03231488372093027,0.652393,83.1,0.77
458,1,612.36,20943.12,0.117358,0.032383953488372134,0.637804,90.4,0.7081
459,1,613.02,20918.8,0.103071,0.03245302325581399,0.886704,96.6,0.6624
460,1,613.72,20895.73,0.13516,0.03252209302325585,0.603716,92.0,0.696
461,1,614.4,20872.32,0.05039,0.03259116279069771,0.661433,94.8,0.6748
462,1,615.06,20848.25,0.078454,0.03266023255813957,0.920578,96.8,0.6608
463,1,615.73,20824.53,0.167408,0.03272930232558143,0.710298,95.8,0.6679
464,1,616.42,20801.47,0.09072,0.0327983720930233,0.585879,93.5,0.6847
465,1,617.08,20777.77,0.098218,0.032867441860465155,0.690997,96.6,0.6626
466,1,617.75,20754.17,0.073375,0.03293651162790701,0.605971,96.5,0.6631
467,1,618.42,20731.01,0.087416,0.03300558139534887,0.545425,95.1,0.673
468,1,619.12,20708.86,0.10715,0.033074651162790736,0.829256,91.4,0.7003
469,1,619.81,20686.28,0.109755,0.033143720930232594,0.717664,93.5,0.6843
470,1,620.49,20663.63,0.064312,0.03321279069767445,0.803148,94.1,0.6798
471,1,621.21,20642.39,0.097665,0.03328186046511632,0.588597,89.0,0.7189
472,1,621.89,20619.71,0.098145,0.03335093023255818,1.022446,95.1,0.6731
473,1,622.58,20597.72,0.07273,0.03342000000000005,0.601555,92.6,0.691
474,1,623.28,20576.22,0.118465,0.033489069767441905,0.543429,91.0,0.7032
475,1,623.96,20553.98,0.082033,0.03355813953488377,0.405926,94.3,0.6785
476,1,624.64,20531.92,0.081288,0.03362720930232563,0.4391,93.9,0.6814
477,1,625.31,20509.29,0.047707,0.03369627906976749,0.591572,96.8,0.6609
478,1,625.98,20487.21,0.156819,0.03376534883720936,0.619226,94.8,0.6753
479,1,626.67,20465.4,0.107294,0.03383441860465122,0.58703,94.2,0.6792
480,1,627.35,20443.69,0.082656,0.03390348837209308,0.529612,94.0,0.6807
481,1,628.03,20421.95,0.094639,0.033972558139534946,0.520369,95.2,0.6724
482,1,628.7,20400.02,0.087672,0.034041627906976804,0.572139,95.7,0.6686
483,1,629.37,20378.37,0.070611,0.03411069767441867,0.464439,94.8,0.6749
484,1,630.05,20356.71,0.128407,0.034179767441860534,0.654285,95.3,0.6717
485,1,630.84,20338.93,0.104581,0.0342488372093024,0.826802,81.1,0.7891
486,1,631.5,20317.07,0.088999,0.03431790697674426,0.506915,97.0,0.6601
487,1,632.19,20296.26,0.112047,0.034386976744186115,0.613987,92.7,0.6907
488,1,632.85,20274.6,0.0667,0.03445604651162797,0.471944,96.8,0.6609
489,1,633.52,20253.16,0.102019,0.03452511627906983,0.518399,96.2,0.6655
490,1,634.18,20231.7,0.049983,0.034594186046511696,0.665611,96.6,0.6623
491,1,634.86,20210.65,0.121818,0.03466325581395356,0.748431,95.2,0.6726
492,1,635.53,20189.82,0.120386,0.03473232558139542,0.842854,94.6,0.6765
493,1,636.2,20168.62,0.092124,0.03480139534883728,0.649668,96.6,0.6627
494,1,636.89,20148.47,0.085662,0.03487046511627914,0.532423,92.3,0.6931
495,1,637.55,20127.4,0.089293,0.03493953488372101,0.721298,96.7,0.6617
496,1,638.22,20106.36,0.082621,0.03500860465116287,0.440735,97.0,0.6597
497,1,638.89,20085.98,0.09391,0.03507767441860473,0.621991,94.4,0.678
498,1,639.61,20066.7,0.147874,0.03514674418604659,0.580306,90.1,0.7105
499,1,640.3,20046.8,0.053201,0.035215813953488447,0.366737,93.0,0.6885
500,1,641.0,20027.48,0.122376,0.03528488372093031,0.474863,90.8,0.7049
501,1,641.7,20007.95,0.145959,0.035353953488372176,0.654274,93.0,0.6882
502,1,642.38,19987.85,0.109078,0.03542302325581404,0.550673,94.8,0.6749
503,1,643.08,19968.79,0.08989,0.0354920930232559,0.535481,90.7,0.7057
504,1,643.76,19948.82,0.055798,0.03556116279069776,0.573888,95.0,0.674
505,1,644.43,19928.78,0.112577,0.035630232558139616,0.646873,95.7,0.6688
506,1,645.1,19908.84,0.074319,0.03569930232558148,0.691515,95.5,0.6703
507,1,645.77,19889.02,0.122084,0.035768372093023346,0.824224,95.4,0.6711
508,1,646.45,19869.37,0.089183,0.035837441860465204,0.637839,94.9,0.6746
509,1,647.12,19849.72,0.096287,0.03590651162790706,0.657771,95.3,0.6717
510,1,647.78,19829.81,0.065294,0.03597558139534892,0.469815,96.8,0.6614
511,1,648.49,19811.43,0.078202,0.036044651162790785,0.526627,90.3,0.7087
512,1,649.16,19791.92,0.112301,0.03611372093023264,0.533954,95.6,0.6694
513,1,649.88,19773.98,0.126485,0.03618279069767451,0.598654,89.1,0.7184
514,1,650.57,19755.13,0.100772,0.036251860465116366,0.595655,93.2,0.6865
515,1,651.24,19735.77,0.106864,0.036320930232558224,0.583267,95.9,0.6675
516,1,651.91,19716.56,0.090848,0.03639000000000009,0.599204,95.5,0.67
517,1,652.58,19697.37,0.097346,0.03645906976744195,0.506773,95.8,0.6683
518,1,653.31,19680.08,0.094,0.036528139534883805,0.965413,87.8,0.729
519,1,653.99,19661.24,0.124981,0.03659720930232567,0.485034,94.8,0.6752
520,1,654.67,19642.74,0.088541,0.03666627906976753,0.51212,93.6,0.684
521,1,655.34,19623.83,0.107777,0.036735348837209386,0.605888,96.5,0.6635
522,1,656.03,19605.44,0.063777,0.03680441860465125,0.748648,93.7,0.6831
523,1,656.73,19587.62,0.103184,0.03687348837209311,0.67799,91.4,0.7002
524,1,657.4,19568.83,0.104634,0.036942558139534974,0.48984,96.2,0.6653
525,1,658.09,19550.84,0.110286,0.03701162790697684,1.085269,92.8,0.6899
526,1,658.76,19532.32,0.090796,0.037080697674418704,0.463353,95.6,0.6697
527,1,659.44,19514.19,0.081391,0.03714976744186057,0.511489,94.0,0.6807
528,1,660.11,19495.66,0.11004,0.037218837209302434,0.643139,96.3,0.6648
529,1,660.78,19477.28,0.135656,0.03728790697674429,0.581628,95.9,0.6671
530,1,661.44,19458.81,0.104919,0.03735697674418615,0.457803,96.6,0.6627
531,1,662.12,19440.96,0.151058,0.03742604651162801,0.470542,93.9,0.6815
532,1,662.8,19423.05,0.153131,0.037495116279069866,0.817377,94.6,0.6764
533,1,663.47,19404.9,0.046539,0.03756418604651173,0.444655,96.1,0.6661
534,1,664.14,19386.86,0.084748,0.03763325581395359,0.504264,95.8,0.6682
535,1,664.81,19368.86,0.070595,0.037702325581395454,0.515843,95.9,0.6677
536,1,665.47,19350.77,0.079338,0.03777139534883732,0.620316,96.7,0.6616
537,1,666.15,19333.15,0.14145,0.03784046511627918,0.612247,94.7,0.6758
538,1,666.82,19315.47,0.091328,0.037909534883721036,0.531501,95.3,0.6716
539,1,667.49,19297.67,0.144453,0.0379786046511629,0.725038,96.2,0.6651
540,1,668.16,19280.16,0.094343,0.03804767441860476,0.626968,95.1,0.6731
541,1,668.83,19262.57,0.057694,0.038116744186046624,0.430728,96.4,0.6638
542,1,669.52,19245.69,0.060988,0.03818581395348848,0.456255,92.7,0.6903
543,1,670.21,19228.67,0.099647,0.03825488372093034,0.516733,93.6,0.6838
544,1,670.88,19211.43,0.113949,0.0383239534883722,0.644501,95.0,0.6739
545,1,671.57,19194.47,0.059956,0.03839302325581406,0.646993,93.9,0.6813
546,1,672.24,19177.2,0.08087,0.03846209302325592,0.748315,95.7,0.6684
547,1,672.91,19160.15,0.073081,0.03853116279069778,0.577412,94.9,0.6741
548,1,673.58,19143.07,0.060517,0.038600232558139644,0.612329,95.3,0.6713
549,1,674.26,19126.08,0.06591,0.03866930232558151,0.682874,95.2,0.6722
550,1,674.93,19109.16,0.105739,0.038738372093023374,2.362573,95.2,0.6726
551,1,675.6,19092.22,0.086874,0.03880744186046524,0.689979,95.6,0.6693
552,1,676.27,19075.32,0.08957,0.0388765116279071,0.553214,95.6,0.6696
553,1,676.94,19058.28,0.07989,0.03894558139534896,0.451991,96.6,0.6622
554,1,677.6,19041.43,0.128799,0.03901465116279082,0.726575,96.0,0.6667
555,1,678.29,19024.99,0.101899,0.039083720930232685,0.790806,94.2,0.6793
556,1,678.98,19008.93,0.133724,0.03915279069767454,0.467249,92.7,0.6907
557,1,679.66,18992.74,0.081345,0.03922186046511641,0.524818,93.5,0.6843
558,1,680.33,18976.2,0.1108,0.039290930232558266,0.641347,95.6,0.6691
559,1,681.02,18960.06,0.093069,0.03936000000000013,0.563316,93.8,0.682
560,1,681.68,18943.41,0.110417,0.039429069767441996,0.635418,96.8,0.6611
561,1,682.36,18927.29,0.118517,0.03949813953488386,0.455986,95.2,0.6721
562,1,683.05,18911.6,0.096421,0.039567209302325726,0.770935,92.4,0.6923
563,1,683.73,18895.58,0.096531,0.03963627906976759,0.810136,94.3,0.6784
564,1,684.42,18879.7,0.127823,0.03970534883720945,0.659343,94.1,0.6804
565,1,685.09,18863.5,0.075375,0.03977441860465131,0.646075,95.8,0.6682
566,1,685.77,18847.65,0.11149,0.039843488372093165,0.737751,94.3,0.6789
567,1,686.44,18831.64,0.087948,0.03991255813953503,0.675793,95.4,0.6709
568,1,687.18,18817.71,0.081014,0.03998162790697689,0.778806,86.0,0.744
569,1,687.94,18804.23,0.08847,0.04005069767441875,0.687583,84.3,0.7592
570,1,688.61,18788.17,0.092507,0.04011976744186062,0.63114,96.5,0.6633
571,1,689.28,18772.44,0.113284,0.04018883720930248,0.587531,95.0,0.6734
572,1,689.96,18756.87,0.114591,0.04025790697674435,0.649831,94.5,0.6775
573,1,690.63,18740.94,0.122305,0.04032697674418621,0.604012,96.6,0.6623
574,1,691.31,18725.54,0.109349,0.04039604651162807,0.5708,94.1,0.68
575,1,691.99,18710.12,0.130656,0.040465116279069936,0.725828,94.5,0.6773
576,1,692.66,18694.73,0.083184,0.0405341860465118,0.685854,94.6,0.6763
577,1,693.34,18679.29,0.122166,0.040603255813953666,0.486456,95.1,0.6729
578,1,694.0,18663.59,0.097511,0.040672325581395524,0.558565,96.8,0.6611
579,1,694.67,18648.14,0.097469,0.04074139534883738,0.441942,95.7,0.6687
580,1,695.33,18632.58,0.114433,0.04081046511627924,0.682465,96.5,0.6629
581,1,696.01,18617.44,0.099359,0.0408795348837211,0.39805,95.3,0.6715
582,1,696.7,18602.7,0.087197,0.040948604651162956,0.508929,92.9,0.6893
583,1,697.37,18587.36,0.10949,0.041017674418604815,0.496912,96.3,0.6647
584,1,698.05,18572.47,0.071983,0.04108674418604668,0.610596,94.1,0.6802
585,1,698.72,18557.41,0.064269,0.041155813953488544,0.376955,95.3,0.6719
586,1,699.39,18542.25,0.044612,0.0412248837209304,0.705918,96.0,0.6667
587,1,700.06,18527.1,0.110086,0.04129395348837226,0.3776,96.2,0.6649
588,1,700.78,18513.51,0.093079,0.04136302325581412,1.208452,88.7,0.7217
589,1,701.51,18499.97,0.101124,0.04143209302325598,0.457506,88.6,0.7223
590,1,702.18,18485.17,0.101828,0.041501162790697835,0.470277,95.2,0.6726
591,1,702.86,18470.47,0.105319,0.04157023255813969,0.626012,94.9,0.6746
592,1,703.55,18456.37,0.054444,0.04163930232558155,0.48611,92.0,0.6958
593,1,704.22,18441.58,0.059026,0.041708372093023416,0.508117,95.8,0.6678
594,1,704.91,18427.34,0.051788,0.041777441860465274,0.630968,93.1,0.6872
595,1,705.59,18412.83,0.087678,0.04184651162790714,0.407618,94.9,0.6746
596,1,706.27,18398.69,0.130408,0.041915581395349004,0.538303,93.1,0.6875
597,1,706.95,18384.25,0.091226,0.04198465116279086,0.496028,94.9,0.6742
598,1,707.62,18369.62,0.072299,0.04205372093023273,0.471933,96.3,0.6645
599,1,708.29,18355.18,0.066524,0.04212279069767459,0.617429,95.4,0.6708
600,1,708.97,18340.96,0.093352,0.04219186046511646,0.594397,94.5,0.677
601,1,751.07,19396.65,0.113395,0.042260930232558315,0.661285,90.4,0.7077
602,1,751.75,19380.69,0.117669,0.04233000000000017,0.572434,94.4,0.6777
603,1,752.44,19364.94,0.06772,0.04239906976744204,0.52274,93.6,0.6838
604,1,753.13,19349.41,0.120891,0.042468139534883896,0.564036,92.7,0.6905
605,1,753.89,19335.66,0.086717,0.042537209302325754,0.474149,84.5,0.7574
606,1,754.56,19319.74,0.081733,0.04260627906976761,1.072346,95.3,0.6713
607,1,755.28,19305.14,0.10717,0.04267534883720947,0.87907,88.7,0.7212
608,1,756.02,19291.0,0.133222,0.042744418604651335,0.769514,86.8,0.7377
609,1,756.71,19275.72,0.06907,0.04281348837209319,0.495874,92.6,0.6912
610,1,757.42,19260.77,0.128475,0.04288255813953505,0.686362,91.2,0.702
611,1,758.15,19246.56,0.104267,0.04295162790697691,0.653019,87.7,0.7294
612,1,758.9,19232.81,0.121367,0.043020697674418774,0.899113,85.8,0.7457
613,1,759.58,19217.61,0.109633,0.04308976744186064,0.559154,93.2,0.6866
614,1,760.48,19207.63,0.089892,0.043158837209302504,0.958333,71.8,0.8915
615,1,761.36,19197.29,0.114002,0.04322790697674436,0.756419,73.1,0.8756
616,1,762.25,19187.36,0.095753,0.04329697674418622,0.980583,71.9,0.8903
617,1,763.13,19177.25,0.092178,0.04336604651162808,0.998626,72.5,0.8823
618,1,763.97,19166.08,0.081294,0.04343511627906994,0.801515,76.2,0.8397
619,1,764.76,19153.47,0.125106,0.0435041860465118,0.539656,82.1,0.7799
620,1,765.61,19142.81,0.122423,0.04357325581395366,0.56288,74.7,0.8565
621,1,766.41,19130.57,0.100226,0.04364232558139552,0.587813,81.7,0.783
622,1,767.08,19115.45,0.074782,0.043711395348837376,0.536112,94.7,0.6761
623,1,767.78,19100.73,0.062317,0.043780465116279234,0.55169,92.9,0.6892
624,1,768.51,19087.19,0.088158,0.04384953488372109,0.455419,87.0,0.7353
625,1,769.28,19074.55,0.116571,0.04391860465116295,0.579994,83.2,0.7697
626,1,770.11,19063.39,0.091529,0.04398767441860481,0.678871,77.3,0.8284
627,1,770.97,19052.83,0.102814,0.04405674418604667,0.392488,75.1,0.8517
628,1,771.69,19039.2,0.093801,0.04412581395348854,0.616431,88.2,0.7253
629,1,772.36,19024.23,0.120964,0.044194883720930396,0.597105,95.6,0.6694
630,1,773.1,19010.87,0.134957,0.04426395348837226,0.77175,87.3,0.7333
631,1,773.84,18997.76,0.076206,0.04433302325581412,1.596243,86.3,0.7418
632,1,774.52,18983.11,0.115699,0.044402093023255984,0.624728,94.5,0.677
633,1,775.27,18970.13,0.13942,0.04447116279069784,0.517059,86.0,0.7438
634,1,775.97,18956.13,0.10172,0.0445402325581397,0.551892,91.4,0.7001
635,1,776.65,18941.72,0.077189,0.04460930232558156,0.92958,93.8,0.682
636,1,777.34,18927.58,0.05943,0.04467837209302342,0.715707,92.7,0.6905
637,1,778.01,18912.85,0.129235,0.04474744186046528,0.57402,96.2,0.6654
638,1,778.68,18898.14,0.077418,0.04481651162790714,0.72633,96.3,0.6643
639,1,779.36,18883.86,0.094063,0.044885581395349,0.745737,94.2,0.6797
640,1,780.05,18869.95,0.112521,0.04495465116279086,0.513156,92.2,0.6938
641,1,780.74,18855.88,0.155131,0.04502372093023272,0.634176,94.2,0.6796
642,1,781.56,18845.11,0.067316,0.04509279069767458,0.417733,78.0,0.8207
643,1,782.27,18831.67,0.104486,0.04516186046511644,0.544326,90.4,0.7079
644,1,783.0,18818.66,0.177068,0.0452309302325583,0.580265,88.4,0.724
645,1,783.68,18804.61,0.117973,0.045300000000000167,0.591022,94.2,0.6795
646,1,784.35,18790.42,0.090059,0.04536906976744203,0.730961,95.3,0.6719
647,1,785.1,18778.15,0.076098,0.045438139534883897,0.641726,85.3,0.7505
648,1,785.8,18764.63,0.072652,0.04550720930232576,0.498029,91.9,0.6968
649,1,786.54,18752.05,0.09471,0.045576279069767626,0.59822,87.2,0.7342
650,1,787.27,18739.5,0.083957,0.045645348837209485,0.637603,87.2,0.7343
651,1,788.0,18726.76,0.087651,0.04571441860465135,0.63339,88.3,0.7244
652,1,788.7,18713.52,0.071788,0.045783488372093215,0.495745,91.2,0.7019
653,1,789.41,18700.39,0.103663,0.04585255813953507,0.630981,90.8,0.705
654,1,790.11,18687.14,0.078885,0.04592162790697693,0.609685,91.7,0.6982
655,1,790.83,18674.55,0.087604,0.04599069767441879,0.419588,88.3,0.7246
656,1,791.51,18660.85,0.091535,0.04605976744186065,0.540452,94.7,0.6761
657,1,792.3,18649.79,0.10734,0.046128837209302505,1.151354,81.4,0.7866
658,1,792.98,18636.24,0.0678,0.04619790697674436,0.814217,94.2,0.6795
659,1,793.72,18624.16,0.086027,0.04626697674418623,0.561919,86.5,0.74
660,1,794.41,18610.91,0.062892,0.046336046511628086,0.650217,92.9,0.6889
661,1,795.09,18597.41,0.077112,0.046405116279069944,0.45339,95.3,0.6714
662,1,795.77,18583.89,0.099026,0.04647418604651181,0.579599,95.0,0.674
663,1,796.45,18570.67,0.091592,0.04654325581395367,0.697846,93.3,0.6857
664,1,797.12,18557.03,0.081227,0.04661232558139553,0.810535,96.2,0.6649
665,1,797.79,18543.49,0.102924,0.04668139534883739,0.634836,95.8,0.6682
666,1,798.55,18532.04,0.055469,0.046750465116279255,0.325679,84.6,0.7569
667,1,799.29,18520.39,0.129849,0.04681953488372111,0.607386,85.7,0.7467
668,1,800.08,18509.59,0.106809,0.04688860465116297,0.569018,81.9,0.7817
669,1,800.85,18498.49,0.046189,0.04695767441860483,0.48379,83.4,0.7678
670,1,801.75,18490.54,0.085898,0.047026744186046694,0.493191,70.9,0.903
671,1,802.55,18480.28,0.100875,0.04709581395348855,0.498911,79.9,0.801
672,1,803.3,18468.7,0.093319,0.04716488372093041,0.449603,86.2,0.7425
673,1,804.09,18458.28,0.129994,0.04723395348837227,0.593845,80.9,0.7912
674,1,804.77,18445.26,0.090424,0.047303023255814126,0.742675,94.5,0.6772
675,1,805.45,18432.37,0.071676,0.047372093023255984,0.709534,94.0,0.6812
676,1,806.14,18419.48,0.108922,0.04744116279069785,0.532851,94.1,0.6804
677,1,806.81,18406.55,0.130696,0.04751023255813971,0.605522,94.6,0.6769
678,1,807.53,18394.46,0.083244,0.047579302325581566,0.657004,89.9,0.7122
679,1,808.19,18381.36,0.131215,0.04764837209302343,0.623965,96.1,0.6657
680,1,808.89,18368.83,0.072855,0.04771744186046529,0.460582,92.8,0.6897
681,1,809.56,18355.99,0.06664,0.04778651162790715,0.597043,96.1,0.6657
682,1,810.25,18343.42,0.068918,0.047855581395349005,0.547924,93.4,0.6849
683,1,810.92,18330.59,0.085346,0.04792465116279087,0.737623,95.2,0.6721
684,1,811.6,18317.97,0.099817,0.04799372093023273,0.762174,94.2,0.6796
685,1,812.28,18305.36,0.108853,0.048062790697674586,0.647417,94.3,0.6784
686,1,812.98,18293.29,0.101019,0.048131860465116444,0.676477,91.6,0.6989
687,1,813.65,18280.53,0.099672,0.04820093023255831,0.682795,95.7,0.6689
688,1,814.33,18267.9,0.101956,0.04827000000000017,0.545131,95.1,0.6732
689,1,815.01,18255.41,0.099658,0.048339069767442025,0.529872,94.5,0.6775
690,1,815.68,18242.97,0.06635,0.04840813953488388,0.517747,94.3,0.6785
691,1,816.37,18230.76,0.136159,0.04847720930232574,0.703533,93.2,0.687
692,1,817.05,18218.38,0.101751,0.048546279069767606,0.858586,94.4,0.6781
693,1,817.74,18206.3,0.076725,0.04861534883720947,1.065317,92.8,0.6896
694,1,818.41,18193.76,0.109883,0.04868441860465133,0.49969,95.8,0.6679
695,1,819.09,18181.5,0.098471,0.04875348837209319,0.612926,94.3,0.6789
696,1,819.78,18169.51,0.079472,0.048822558139535045,0.534673,92.8,0.6895
697,1,820.48,18157.58,0.086991,0.0488916279069769,0.621009,92.7,0.6907
698,1,821.17,18145.69,0.070558,0.04896069767441876,0.525351,92.6,0.6908
699,1,821.84,18133.4,0.109598,0.04902976744186062,0.549749,95.3,0.6717
700,1,822.52,18121.33,0.061312,0.04909883720930248,0.454174,94.2,0.6791
701,1,823.19,18109.08,0.102712,0.049167906976744336,0.547946,96.0,0.6668
702,1,823.88,18097.15,0.105389,0.049236976744186194,0.467324,93.6,0.6835
703,1,824.56,18085.14,0.083327,0.04930604651162805,0.587813,94.4,0.6779
704,1,825.22,18072.89,0.10526,0.04937511627906991,0.62147,96.1,0.666
705,1,825.91,18061.05,0.128875,0.04944418604651177,0.868546,93.7,0.6833
706,1,826.58,18049.03,0.074909,0.049513255813953626,0.636895,95.1,0.673
707,1,827.25,18036.95,0.080305,0.049582325581395484,0.548193,95.6,0.6692
708,1,827.94,18025.15,0.121712,0.04965139534883735,0.579965,94.0,0.6806
709,1,828.61,18013.24,0.131796,0.04972046511627921,0.716823,95.0,0.6737
710,1,829.49,18005.78,0.082211,0.049789534883721065,0.730708,72.9,0.8775
711,1,830.19,17994.45,0.089265,0.04985860465116293,0.50813,91.8,0.6975
712,1,830.88,17982.86,0.066402,0.04992767441860479,0.581597,93.4,0.6849
713,1,831.61,17972.44,0.112371,0.04999674418604665,0.920299,86.8,0.7375
714,1,832.28,17960.4,0.093516,0.05006581395348851,0.687949,96.8,0.6611
715,1,832.96,17948.77,0.091979,0.05013488372093037,0.456683,94.2,0.6791
716,1,833.69,17938.35,0.071717,0.05020395348837223,0.603169,87.3,0.7331
717,1,834.37,17926.79,0.081395,0.05027302325581409,0.563267,94.2,0.6794
718,1,835.04,17914.91,0.082419,0.05034209302325596,0.661065,96.6,0.6627
719,1,835.71,17903.22,0.07047,0.050411162790697815,0.482566,95.5,0.6705
720,1,836.38,17891.5,0.109723,0.05048023255813967,0.47776,95.9,0.6677
721,1,837.05,17879.85,0.08998,0.05054930232558153,0.458962,96.4,0.6636
722,1,837.72,17868.22,0.064109,0.050618372093023396,0.87496,95.7,0.669
723,1,838.38,17856.47,0.115435,0.050687441860465254,0.700409,96.7,0.6619
724,1,839.08,17845.59,0.073064,0.05075651162790711,0.431758,91.2,0.7014
725,1,839.82,17835.37,0.086755,0.05082558139534898,0.603925,87.6,0.7303
726,1,840.57,17825.63,0.146238,0.05089465116279084,0.900115,85.0,0.7526
727,1,841.33,17815.96,0.085362,0.0509637209302327,0.807136,84.8,0.7545
728,1,841.99,17804.42,0.11239,0.05103279069767456,0.725144,96.3,0.6646
729,1,842.66,17792.99,0.083457,0.05110186046511642,0.639431,95.6,0.6695
730,1,843.34,17781.7,0.080546,0.051170930232558275,0.55584,95.0,0.6737
731,1,843.99,17770.07,0.098744,0.05124000000000014,0.509248,97.5,0.6565
732,1,844.66,17758.68,0.079718,0.051309069767442,0.73271,96.0,0.6666
733,1,845.32,17747.19,0.109284,0.051378139534883856,0.614121,96.9,0.6602
734,1,846.0,17736.12,0.132816,0.05144720930232572,1.212914,94.4,0.6779
735,1,846.69,17725.16,0.081605,0.051516279069767586,0.679168,93.7,0.683
736,1,847.35,17713.78,0.119414,0.051585348837209444,0.636271,96.8,0.6612
737,1,848.04,17702.91,0.118568,0.0516544186046513,0.562639,93.5,0.6845
738,1,848.72,17691.97,0.101338,0.05172348837209316,0.465345,94.2,0.6797
739,1,849.39,17680.96,0.178943,0.05179255813953502,0.82955,94.7,0.6755
740,1,850.08,17670.24,0.094694,0.051861627906976876,0.535323,93.1,0.6874
741,1,850.78,17659.63,0.091046,0.05193069767441874,0.492083,93.6,0.684
742,1,851.46,17648.78,0.097025,0.0519997674418606,0.603443,94.3,0.6788
743,1,852.12,17637.61,0.07542,0.052068837209302464,0.499062,96.7,0.662
744,1,852.78,17626.48,0.134877,0.05213790697674432,0.561373,96.6,0.6628
745,1,853.45,17615.53,0.10799,0.05220697674418618,0.517203,95.6,0.6697
746,1,854.13,17604.7,0.086687,0.05227604651162804,0.445448,94.9,0.6742
747,1,854.79,17593.65,0.11023,0.0523451162790699,0.802137,96.6,0.6624
748,1,855.49,17583.32,0.162323,0.05241418604651177,0.738654,91.9,0.696
749,1,856.16,17572.41,0.076834,0.05248325581395363,0.803734,96.0,0.6667
750,1,856.83,17561.5,0.074777,0.0525523255813955,0.394494,96.2,0.6655
751,1,857.49,17550.58,0.074974,0.05262139534883736,0.731748,96.5,0.6631
752,1,858.16,17539.7,0.138194,0.05269046511627922,0.632134,96.3,0.6643
753,1,858.83,17529.08,0.126201,0.05275953488372108,0.821309,94.7,0.6755
754,1,859.5,17518.34,0.132839,0.05282860465116294,0.546957,95.8,0.6681
755,1,860.17,17507.55,0.103071,0.052897674418604795,1.000049,96.3,0.6644
756,1,860.83,17496.8,0.099076,0.05296674418604666,0.755092,96.2,0.6651
757,1,861.5,17486.05,0.111003,0.053035813953488525,0.595036,96.4,0.6636
758,1,862.19,17475.89,0.118116,0.05310488372093038,0.678298,92.5,0.6917
759,1,862.86,17465.3,0.129015,0.05317395348837225,0.567579,95.7,0.6688
760,1,863.55,17455.04,0.091286,0.05324302325581411,0.677922,93.5,0.6844
761,1,864.22,17444.6,0.132807,0.05331209302325598,0.604232,95.6,0.6692
762,1,864.91,17434.31,0.1087,0.05338116279069784,0.507329,94.1,0.6802
763,1,865.59,17424.21,0.133975,0.05345023255813971,0.69729,93.0,0.6881
764,1,866.27,17413.9,0.074917,0.053519302325581566,0.474467,94.6,0.6768
765,1,866.95,17403.52,0.099927,0.053588372093023424,0.567535,95.3,0.6716
766,1,867.61,17393.0,0.100389,0.05365744186046529,1.157612,96.4,0.6638
767,1,868.29,17382.7,0.086939,0.053726511627907154,0.509197,95.1,0.673
768,1,868.95,17372.3,0.098836,0.05379558139534901,0.45944,95.9,0.6671
769,1,869.64,17362.24,0.076745,0.05386465116279088,0.458758,93.7,0.683
770,1,870.31,17351.87,0.094206,0.053933720930232736,0.761687,96.0,0.6664
771,1,870.97,17341.49,0.164603,0.0540027906976746,0.568914,96.4,0.6637
772,1,871.65,17331.41,0.118708,0.054071860465116466,0.634534,94.4,0.6782
773,1,872.31,17321.0,0.104329,0.054140930232558324,0.473955,96.9,0.6608
774,1,872.97,17310.62,0.080203,0.05421000000000019,0.649432,96.9,0.6603
775,1,873.65,17300.49,0.089643,0.054279069767442054,0.445911,95.2,0.672
776,1,874.34,17290.81,0.109064,0.05434813953488392,0.594,92.3,0.6935
777,1,875.01,17280.6,0.102646,0.054417209302325784,0.759665,96.2,0.6654
778,1,875.69,17270.66,0.057964,0.05448627906976765,0.650725,94.4,0.678
779,1,876.37,17260.73,0.117459,0.05455534883720951,0.490564,94.6,0.6768
780,1,877.04,17250.66,0.092768,0.054624418604651365,0.57084,95.7,0.669
781,1,877.73,17240.97,0.07186,0.05469348837209322,0.477524,94.2,0.6792
782,1,878.4,17231.06,0.108103,0.05476255813953509,0.578902,94.9,0.6747
783,1,879.07,17220.97,0.095028,0.05483162790697695,0.630697,96.5,0.6634
784,1,879.73,17210.91,0.11858,0.05490069767441881,0.625636,96.2,0.665
785,1,880.44,17201.65,0.047421,0.05496976744186067,0.482595,90.9,0.7038
786,1,881.1,17191.6,0.089906,0.055038837209302534,0.70092,96.6,0.6628
787,1,881.79,17182.04,0.109523,0.05510790697674439,0.767718,93.3,0.6862
788,1,882.46,17172.1,0.118332,0.05517697674418626,0.588479,96.1,0.6661
789,1,883.14,17162.43,0.165289,0.05524604651162812,0.577031,94.3,0.6788
790,1,883.81,17152.69,0.126703,0.05531511627906998,0.423779,95.0,0.674
791,1,884.48,17142.83,0.091077,0.055384186046511845,0.817286,96.1,0.6661
792,1,885.16,17133.2,0.103576,0.05545325581395371,0.857837,94.5,0.6773
793,1,885.84,17123.58,0.089446,0.05552232558139557,0.63705,94.6,0.6764
794,1,886.5,17113.69,0.158985,0.055591395348837426,0.911107,96.8,0.6612
795,1,887.18,17104.24,0.059417,0.055660465116279284,0.437114,93.7,0.6827
796,1,887.86,17094.61,0.108794,0.05572953488372114,0.679382,95.2,0.6725
797,1,888.53,17085.01,0.111684,0.055798604651163,0.50569,95.1,0.6728
798,1,889.21,17075.52,0.090637,0.055867674418604865,0.533556,94.5,0.6774
799,1,889.89,17065.99,0.127298,0.05593674418604672,0.665976,94.9,0.6741
800,1,890.55,17056.3,0.126044,0.05600581395348858,0.540118,96.3,0.6646
801,1,891.29,17048.02,0.139217,0.056074883720930446,0.659195,94.2,0.6791
802,1,891.97,17038.61,0.079749,0.05614395348837231,1.119757,94.6,0.6769
803,1,892.65,17029.25,0.117744,0.05621302325581417,0.712045,94.3,0.6787
804,1,893.32,17019.69,0.09216,0.056282093023256034,0.740836,95.9,0.6673
805,1,893.98,17010.11,0.102859,0.0563511627906979,0.581063,96.3,0.6643
806,1,894.64,17000.44,0.134932,0.056420232558139764,0.670359,97.1,0.6593
807,1,895.32,16991.12,0.131089,0.05648930232558163,0.642471,94.7,0.6756
808,1,896.0,16981.81,0.127286,0.056558372093023494,0.661812,94.7,0.6757
809,1,896.67,16972.5,0.094098,0.05662744186046536,0.63705,94.9,0.6741
810,1,897.35,16963.23,0.126797,0.05669651162790722,0.556115,94.7,0.6755
811,1,898.02,16953.94,0.066769,0.056765581395349075,0.832699,95.1,0.6728
812,1,898.69,16944.6,0.061459,0.05683465116279094,0.545156,95.6,0.6695
813,1,899.36,16935.22,0.103141,0.056903720930232805,0.500408,96.1,0.6661
814,1,900.04,16926.0,0.042466,0.05697279069767466,0.575354,95.1,0.6732
815,1,900.71,16916.78,0.121113,0.05704186046511652,0.854221,95.1,0.6727
816,1,901.39,16907.71,0.122849,0.05711093023255838,0.758768,94.3,0.6789
817,1,902.08,16898.8,0.06815,0.057180000000000245,0.557401,93.2,0.6867
818,1,902.76,16889.71,0.087308,0.0572490697674421,0.505529,94.7,0.6761
819,1,903.44,16880.74,0.081594,0.05731813953488396,0.756252,93.9,0.6812
820,1,904.11,16871.59,0.098882,0.05738720930232582,0.559794,95.4,0.6706
821,1,904.8,16862.87,0.085765,0.05745627906976768,1.302946,93.1,0.6875
822,1,905.47,16853.66,0.084012,0.057525348837209535,0.458594,96.2,0.6654
823,1,906.14,16844.54,0.0912,0.0575944186046514,0.399591,95.7,0.6691
824,1,906.82,16835.59,0.08905,0.057663488372093265,1.065105,94.5,0.6771
825,1,907.5,16826.68,0.102396,0.05773255813953512,0.749072,94.4,0.6777
826,1,908.17,16817.72,0.0938,0.05780162790697698,0.527568,94.9,0.6742
827,1,908.84,16808.68,0.117794,0.05787069767441884,0.645618,95.7,0.6685
828,1,909.53,16799.85,0.160752,0.057939767441860704,0.787633,94.2,0.6795
829,1,910.19,16790.78,0.111696,0.05800883720930256,0.570772,96.3,0.6649
830,1,910.86,16781.74,0.098878,0.05807790697674443,0.487975,96.1,0.6657
831,1,911.53,16772.9,0.065258,0.058146976744186285,0.473363,94.8,0.6752
832,1,912.22,16764.2,0.11665,0.05821604651162814,0.542057,93.8,0.682
833,1,912.88,16755.14,0.096448,0.05828511627907,0.596167,96.8,0.6613
834,1,913.55,16746.31,0.097577,0.058354186046511866,0.887939,95.2,0.6724
835,1,914.22,16737.39,0.075004,0.058423255813953724,0.491511,96.0,0.6669
836,1,914.9,16728.6,0.081945,0.05849232558139559,0.48516,95.1,0.6727
837,1,915.56,16719.66,0.120273,0.058561395348837454,1.059502,96.5,0.6633
838,1,916.23,16710.8,0.09693,0.05863046511627932,0.754658,95.9,0.6671
839,1,916.89,16701.8,0.124625,0.058699534883721184,0.675756,97.3,0.658
840,1,917.56,16693.06,0.101101,0.05876860465116304,0.610457,95.4,0.671
841,1,918.25,16684.62,0.07784,0.0588376744186049,0.706028,94.0,0.6812
842,1,918.91,16675.71,0.128658,0.058906744186046765,0.573809,97.0,0.6599
843,1,919.59,16667.2,0.10369,0.05897581395348862,0.563986,94.0,0.6806
844,1,920.27,16658.57,0.088158,0.05904488372093048,0.525989,95.2,0.6722
845,1,920.93,16649.83,0.147501,0.059113953488372346,0.920537,96.1,0.666
846,1,921.6,16641.06,0.122485,0.059183023255814204,1.090453,96.5,0.6635
847,1,922.27,16632.37,0.085789,0.05925209302325606,0.418764,96.1,0.6661
848,1,922.94,16623.85,0.056794,0.05932116279069793,0.318743,94.8,0.6754
849,1,923.61,16615.16,0.085674,0.05939023255813979,0.418458,96.4,0.6636
850,1,924.27,16606.41,0.087616,0.05945930232558166,0.450899,96.9,0.6608
851,1,924.94,16597.9,0.094886,0.05952837209302352,0.57957,95.2,0.6721
852,1,925.64,16589.87,0.095367,0.05959744186046539,0.46438,91.7,0.6979
853,1,926.32,16581.53,0.057697,0.05966651162790725,0.346379,94.1,0.6803
854,1,926.99,16572.95,0.134917,0.05973558139534911,0.835447,96.1,0.6658
855,1,927.67,16564.61,0.06765,0.059804651162790975,0.510345,94.5,0.6772
856,1,928.35,16556.38,0.120644,0.05987372093023284,0.555458,93.7,0.6832
857,1,929.3,16552.8,0.087949,0.0599427906976747,0.857295,68.2,0.9388
858,1,929.99,16544.71,0.116347,0.060011860465116564,1.001011,92.9,0.6893
859,1,930.67,16536.51,0.136501,0.06008093023255842,0.730552,94.0,0.6812
860,1,931.34,16528.0,0.10081,0.06015000000000029,0.891028,96.4,0.6638
861,1,932.01,16519.58,0.13507,0.06021906976744215,0.677466,96.7,0.6618
862,1,932.72,16511.88,0.1134,0.06028813953488402,0.752442,90.5,0.7072
863,1,933.38,16503.49,0.095161,0.060357209302325875,0.663689,95.8,0.6678
864,1,934.05,16495.15,0.071218,0.06042627906976773,0.492354,95.7,0.6689
865,1,934.73,16486.84,0.096636,0.06049534883720959,0.41793,95.5,0.67
866,1,935.42,16478.91,0.080218,0.06056441860465145,1.067856,92.6,0.6912
867,1,936.1,16470.79,0.155114,0.06063348837209331,0.627589,94.4,0.6782
868,1,936.76,16462.37,0.085647,0.060702558139535165,0.636838,96.9,0.6605
869,1,937.43,16454.11,0.10308,0.06077162790697703,0.809131,95.7,0.6688
870,1,938.09,16445.74,0.098757,0.06084069767441889,0.493944,96.8,0.6612
871,1,938.76,16437.46,0.07725,0.06090976744186075,0.793431,96.1,0.6658
872,1,939.43,16429.23,0.137657,0.06097883720930261,0.833526,96.0,0.6665
873,1,940.1,16421.1,0.12165,0.06104790697674446,0.920382,95.1,0.6727
874,1,940.78,16413.11,0.130186,0.06111697674418632,0.479696,94.2,0.6793
875,1,941.46,16405.01,0.114413,0.06118604651162818,0.719652,95.2,0.6721
876,1,942.13,16397.01,0.111827,0.06125511627907004,0.770089,94.5,0.6769
877,1,942.82,16389.08,0.089482,0.06132418604651191,0.416779,94.2,0.6794
878,1,943.48,16380.96,0.075248,0.06139325581395377,0.529356,95.9,0.6677
879,1,944.16,16373.0,0.131646,0.061462325581395624,0.720753,94.7,0.6758
880,1,944.83,16364.9,0.119689,0.06153139534883749,0.478334,95.9,0.6675
881,1,945.51,16356.97,0.075176,0.06160046511627935,0.481698,95.4,0.6709
882,1,946.17,16348.81,0.094556,0.061669534883721205,0.549784,96.7,0.6615
883,1,946.84,16340.84,0.109406,0.06173860465116307,0.595831,95.2,0.6723
884,1,947.51,16332.83,0.103379,0.061807674418604935,0.552635,95.7,0.6686
885,1,948.19,16324.99,0.105437,0.0618767441860468,0.954466,94.6,0.6768
886,1,948.86,16316.94,0.095789,0.061945813953488665,0.490702,96.3,0.6643
887,1,949.54,16309.12,0.068735,0.06201488372093052,0.496086,94.6,0.6767
888,1,950.2,16301.08,0.097099,0.06208395348837238,0.622048,96.6,0.6627
889,1,950.87,16293.19,0.077633,0.06215302325581424,0.473098,95.4,0.6706
890,1,951.54,16285.27,0.074971,0.062222093023256105,0.410724,95.8,0.6683
891,1,952.23,16277.71,0.11018,0.06229116279069796,0.665455,93.0,0.688
892,1,952.9,16269.79,0.089795,0.06236023255813983,0.500464,96.1,0.6663
893,1,953.57,16261.94,0.086929,0.06242930232558169,0.585094,95.6,0.6692
894,1,954.26,16254.38,0.139049,0.06249837209302356,0.528247,93.4,0.6855
895,1,954.92,16246.52,0.102038,0.06256744186046542,0.499164,96.0,0.6666
896,1,955.61,16238.94,0.050233,0.06263651162790727,0.501572,93.8,0.6823
897,1,956.28,16231.2,0.083038,0.06270558139534914,0.396012,95.2,0.6721
898,1,956.96,16223.5,0.074656,0.062774651162791,0.545991,95.0,0.6736
899,1,957.64,16215.96,0.090883,0.06284372093023287,0.659041,93.8,0.682
900,1,958.31,16208.19,0.080768,0.06291279069767472,0.478894,95.8,0.6677
901,1,997.3,16847.77,0.049132,0.06298186046511658,0.390574,92.4,0.6923
902,1,997.96,16839.18,0.092698,0.06305093023255844,0.464219,96.7,0.6617
903,1,998.63,16830.79,0.104348,0.0631200000000003,0.615032,95.2,0.6726
904,1,999.3,16822.3,0.114998,0.06318906976744215,0.520673,96.1,0.6659
905,1,999.97,16813.85,0.103908,0.06325813953488402,0.843973,95.9,0.6675
906,1,1000.64,16805.52,0.10618,0.06332720930232588,0.653829,95.1,0.6731
907,1,1001.31,16797.05,0.067159,0.06339627906976773,0.603877,96.4,0.6637
908,1,1001.98,16788.64,0.114832,0.0634653488372096,0.648087,96.1,0.6662
909,1,1002.65,16780.33,0.108404,0.06353441860465146,0.474768,95.3,0.6713
910,1,1003.33,16772.21,0.091544,0.06360348837209333,0.408467,93.8,0.6822
911,1,1004.01,16764.0,0.107007,0.06367255813953519,0.582143,94.6,0.6762
912,1,1004.71,16756.13,0.068291,0.06374162790697706,0.528603,92.2,0.6945
913,1,1005.39,16748.04,0.100737,0.06381069767441892,0.391668,94.0,0.6809
914,1,1006.06,16739.79,0.102186,0.06387976744186079,0.571174,95.5,0.6704
915,1,1006.73,16731.54,0.099638,0.06394883720930264,0.512481,95.7,0.6689
916,1,1007.4,16723.21,0.101802,0.0640179069767445,0.747556,96.4,0.6638
917,1,1008.08,16715.18,0.094872,0.06408697674418637,0.55356,94.1,0.6802
918,1,1008.75,16706.96,0.093018,0.06415604651162822,0.45253,95.8,0.6682
919,1,1009.41,16698.64,0.100649,0.06422511627907007,0.541806,96.8,0.6614
920,1,1010.08,16690.52,0.134794,0.06429418604651194,0.790779,95.3,0.6717
921,1,1010.75,16682.33,0.106588,0.0643632558139538,0.801311,96.9,0.6605
922,1,1011.42,16674.1,0.115454,0.06443232558139565,0.71123,96.5,0.6632
923,1,1012.1,16666.18,0.103331,0.06450139534883752,0.523836,93.9,0.6813
924,1,1012.77,16658.09,0.105483,0.06457046511627938,1.102711,95.5,0.67
925,1,1013.44,16650.05,0.128894,0.06463953488372125,0.595673,95.2,0.6721
926,1,1014.12,16642.08,0.085322,0.06470860465116311,0.669121,94.8,0.6751
927,1,1014.79,16633.97,0.117841,0.06477767441860496,0.937239,96.1,0.6659
928,1,1015.45,16625.8,0.092154,0.06484674418604683,0.617667,96.8,0.6613
929,1,1016.14,16618.05,0.133013,0.0649158139534887,0.752832,93.3,0.6861
930,1,1016.81,16610.04,0.047893,0.06498488372093056,0.584569,95.7,0.669
931,1,1017.48,16602.1,0.072115,0.06505395348837241,0.751726,95.2,0.6725
932,1,1018.17,16594.37,0.112409,0.06512302325581427,0.911571,93.5,0.6842
933,1,1018.83,16586.36,0.083563,0.06519209302325614,0.398297,96.1,0.666
934,1,1019.5,16578.33,0.115153,0.065261162790698,0.994079,96.4,0.6637
935,1,1020.16,16570.22,0.076306,0.06533023255813987,0.516149,97.1,0.6588
936,1,1020.84,16562.42,0.047713,0.06539930232558173,0.541441,94.7,0.6761
937,1,1021.51,16554.58,0.125084,0.0654683720930236,0.630685,95.0,0.6734
938,1,1022.18,16546.62,0.117732,0.06553744186046546,0.372522,96.3,0.6645
939,1,1022.85,16538.83,0.090667,0.06560651162790733,0.450333,94.9,0.6741
940,1,1023.53,16531.09,0.092992,0.0656755813953492,0.650201,94.6,0.6762
941,1,1024.2,16523.2,0.122473,0.06574465116279106,0.645018,96.8,0.6611
942,1,1024.88,16515.54,0.155164,0.06581372093023291,0.980516,94.2,0.6791
943,1,1025.54,16507.67,0.131204,0.06588279069767476,0.51336,96.2,0.6652
944,1,1026.22,16500.04,0.076005,0.06595186046511663,0.57682,94.2,0.6796
945,1,1026.89,16492.2,0.071796,0.06602093023255848,0.567687,96.2,0.6651
946,1,1027.56,16484.36,0.097599,0.06609000000000034,0.433164,96.3,0.6644
947,1,1028.24,16476.88,0.069757,0.06615906976744221,0.425193,93.3,0.6856
948,1,1028.92,16469.16,0.097772,0.06622813953488407,0.444739,95.5,0.6701
949,1,1029.6,16461.68,0.076621,0.06629720930232594,0.439712,93.5,0.6843
950,1,1030.26,16453.87,0.163193,0.0663662790697678,0.623407,96.6,0.6628
951,1,1030.95,16446.35,0.05805,0.06643534883720967,0.337836,94.2,0.6796
952,1,1031.61,16438.62,0.077387,0.06650441860465152,0.37946,96.2,0.6656
953,1,1032.28,16430.86,0.108464,0.06657348837209337,0.851244,96.6,0.6628
954,1,1032.96,16423.44,0.048239,0.06664255813953524,0.432945,93.7,0.6834
955,1,1033.65,16416.07,0.09425,0.0667116279069771,0.491517,93.3,0.6856
956,1,1034.32,16408.53,0.124807,0.06678069767441897,0.528721,95.0,0.6737
957,1,1034.99,16400.8,0.105154,0.06684976744186082,0.389078,96.8,0.6612
958,1,1035.65,16393.13,0.066694,0.06691883720930268,0.529609,96.4,0.6642
959,1,1036.32,16385.49,0.136834,0.06698790697674455,0.469685,96.3,0.6646
960,1,1037.0,16378.1,0.148419,0.06705697674418641,0.694432,94.1,0.6802
961,1,1037.67,16370.61,0.058582,0.06712604651162828,0.380374,96.4,0.6641
962,1,1038.36,16363.35,0.07213,0.06719511627907014,0.421292,93.2,0.6866
963,1,1039.02,16355.73,0.054443,0.067264186046512,0.404716,96.7,0.662
964,1,1039.69,16348.16,0.107695,0.06733325581395386,0.893284,96.3,0.6649
965,1,1040.36,16340.64,0.124958,0.06740232558139571,0.863343,95.9,0.6676
966,1,1041.05,16333.45,0.1054,0.06747139534883756,0.818835,93.1,0.6872
967,1,1041.73,16326.14,0.093241,0.06754046511627942,0.570291,94.3,0.6787
968,1,1042.4,16318.77,0.129821,0.06760953488372129,0.656453,94.9,0.6741
969,1,1043.07,16311.29,0.101568,0.06767860465116315,0.581454,96.1,0.666
970,1,1043.74,16303.82,0.100201,0.06774767441860502,0.548229,96.1,0.6661
971,1,1044.42,16296.67,0.140462,0.06781674418604688,0.711533,93.4,0.6853
972,1,1045.1,16289.36,0.104448,0.06788581395348874,0.599792,94.9,0.6741
973,1,1045.76,16281.85,0.107305,0.0679548837209306,0.633168,96.9,0.6603
974,1,1046.43,16274.49,0.085765,0.06802395348837245,0.578962,95.7,0.6691
975,1,1047.11,16267.28,0.127541,0.0680930232558143,0.547254,94.4,0.6781
976,1,1047.79,16260.01,0.167722,0.06816209302325617,0.976524,95.0,0.6734
977,1,1048.47,16252.92,0.10575,0.06823116279069803,0.400694,93.6,0.6838
978,1,1049.13,16245.46,0.110663,0.0683002325581399,1.384797,97.0,0.6595
979,1,1049.81,16238.29,0.151523,0.06836930232558176,1.43773,94.6,0.6766
980,1,1050.48,16231.04,0.076838,0.06843837209302363,0.449183,95.4,0.6712
981,1,1051.16,16223.9,0.100479,0.06850744186046548,0.487477,95.4,0.671
982,1,1051.85,16216.86,0.086263,0.06857651162790734,0.7731,93.7,0.6831
983,1,1052.51,16209.56,0.106196,0.06864558139534921,0.619305,96.3,0.6647
984,1,1053.19,16202.39,0.119263,0.06871465116279107,0.645973,95.1,0.6729
985,1,1053.88,16195.47,0.087554,0.06878372093023292,0.465511,93.0,0.688
986,1,1054.54,16188.21,0.087838,0.06885279069767479,0.549177,96.2,0.6653
987,1,1055.21,16180.99,0.095829,0.06892186046511665,0.510379,95.9,0.6672
988,1,1055.88,16173.79,0.064834,0.06899093023255852,0.49804,95.9,0.667
989,1,1056.55,16166.58,0.121034,0.06906000000000038,0.668815,96.0,0.6664
990,1,1057.21,16159.36,0.066081,0.06912906976744225,0.639769,96.3,0.6648
991,1,1057.88,16152.22,0.091197,0.06919813953488411,0.631744,95.8,0.6681
992,1,1058.56,16145.15,0.08404,0.06926720930232598,0.621326,95.1,0.6727
993,1,1059.22,16137.95,0.075439,0.06933627906976784,0.555168,96.5,0.6634
994,1,1059.88,16130.68,0.086343,0.06940534883720971,0.965243,97.3,0.6577
995,1,1060.54,16123.45,0.092299,0.06947441860465157,0.728759,97.0,0.6599
996,1,1061.21,16116.3,0.108424,0.06954348837209344,0.843723,96.4,0.6638
997,1,1061.88,16109.3,0.099124,0.06961255813953529,0.503563,95.0,0.6734
998,1,1062.55,16102.26,0.135625,0.06968162790697716,0.717793,95.7,0.6686
999,1,1063.22,16095.13,0.060399,0.06975069767441902,0.534704,96.5,0.6631
1000,1,1063.89,16088.15,0.116897,0.06981976744186089,0.656835,95.2,0.672
1001,1,1064.57,16081.3,0.095102,0.06988883720930275,0.698693,95.0,0.6735
1002,1,1065.24,16074.24,0.06592,0.06995790697674462,0.505154,96.3,0.6649
1003,1,1065.91,16067.35,0.06943,0.07002697674418648,0.798455,94.8,0.675
1004,1,1066.58,16060.34,0.097813,0.07009604651162835,0.764057,96.0,0.6666
1005,1,1067.24,16053.27,0.089976,0.0701651162790702,0.434074,96.8,0.6613
1006,1,1067.92,16046.4,0.081134,0.07023418604651206,0.437642,94.9,0.6747
1007,1,1068.59,16039.5,0.074116,0.07030325581395393,0.590294,95.4,0.6708
1008,1,1069.27,16032.62,0.113433,0.07037232558139579,0.717916,95.2,0.672
1009,1,1069.93,16025.56,0.080519,0.07044139534883766,0.530776,97.1,0.659
1010,1,1070.6,16018.74,0.084678,0.07051046511627951,0.415143,94.9,0.6743
1011,1,1071.26,16011.72,0.091073,0.07057953488372136,0.568481,97.0,0.6596
1012,1,1071.93,16004.74,0.084066,0.07064860465116322,0.838947,96.8,0.6613
1013,1,1072.59,15997.73,0.038624,0.07071767441860509,0.421504,97.1,0.6591
1014,1,1073.26,15990.88,0.068926,0.07078674418604695,0.461566,95.6,0.6691
1015,1,1073.92,15984.0,0.053583,0.07085581395348882,0.733716,96.0,0.6666
1016,1,1074.59,15977.16,0.087544,0.07092488372093068,0.542268,95.9,0.6675
1017,1,1075.27,15970.41,0.078311,0.07099395348837255,0.617259,95.0,0.6738
1018,1,1075.94,15963.65,0.15674,0.07106302325581441,1.155398,95.3,0.6718
1019,1,1076.61,15956.8,0.063491,0.07113209302325628,0.530469,96.3,0.6647
1020,1,1077.28,15950.11,0.067329,0.07120116279069814,0.531394,94.8,0.6748
1021,1,1077.96,15943.48,0.126635,0.07127023255814,0.666246,95.0,0.6739
1022,1,1078.63,15936.73,0.076399,0.07133930232558186,0.52487,95.7,0.6689
1023,1,1079.31,15930.1,0.140556,0.07140837209302373,0.912169,94.7,0.6759
1024,1,1079.99,15923.54,0.104706,0.07147744186046559,0.52148,94.1,0.6805
1025,1,1080.65,15916.72,0.142235,0.07154651162790746,0.463939,96.7,0.6616
1026,1,1081.32,15909.95,0.120064,0.07161558139534932,0.491484,96.2,0.6652
1027,1,1081.99,15903.32,0.150614,0.07168465116279119,0.489199,95.1,0.6731
1028,1,1082.66,15896.55,0.133956,0.07175372093023304,0.835618,96.8,0.6611
1029,1,1083.32,15889.78,0.091849,0.0718227906976749,0.619737,96.6,0.6624
1030,1,1084.01,15883.41,0.102999,0.07189186046511677,0.552843,92.9,0.6888
1031,1,1084.68,15876.68,0.114328,0.07196093023255862,0.44175,96.5,0.6635
1032,1,1085.34,15869.92,0.143861,0.07203000000000048,0.623299,96.8,0.6609
1033,1,1086.01,15863.38,0.126765,0.07209906976744235,0.428827,94.9,0.6747
1034,1,1086.68,15856.66,0.102114,0.07216813953488421,0.598167,96.7,0.6616
1035,1,1087.35,15850.12,0.119396,0.07223720930232608,0.675321,95.0,0.6736
1036,1,1088.03,15843.66,0.13024,0.07230627906976794,0.570883,94.5,0.6775
1037,1,1088.71,15837.19,0.114686,0.0723753488372098,0.477056,94.6,0.6764
1038,1,1089.39,15830.73,0.092915,0.07244441860465164,0.64579,94.7,0.6759
1039,1,1090.05,15824.05,0.131348,0.07251348837209351,0.864533,96.9,0.6602
1040,1,1090.71,15817.45,0.086509,0.07258255813953537,0.578148,96.2,0.6655
1041,1,1091.39,15810.99,0.119872,0.07265162790697723,0.763068,95.7,0.6685
1042,1,1092.06,15804.41,0.101612,0.07272069767441909,0.851222,96.2,0.6656
1043,1,1092.75,15798.26,0.067837,0.07278976744186094,0.545323,92.3,0.6936
1044,1,1093.42,15791.69,0.104335,0.0728588372093028,0.68468,96.4,0.664
1045,1,1094.08,15785.13,0.104082,0.07292790697674466,0.609388,96.4,0.6638
1046,1,1094.77,15778.95,0.088281,0.07299697674418652,0.72871,92.7,0.6901
1047,1,1095.45,15772.62,0.090791,0.07306604651162839,0.660865,94.3,0.6787
1048,1,1096.14,15766.48,0.047858,0.07313511627907025,0.437488,92.7,0.6905
1049,1,1096.82,15760.09,0.044643,0.07320418604651212,0.499646,95.1,0.6728
1050,1,1097.51,15753.96,0.088116,0.07327325581395397,0.579335,92.7,0.6902
1051,1,1098.18,15747.5,0.113075,0.07334232558139583,0.734105,96.0,0.6666
1052,1,1098.84,15740.97,0.135605,0.0734113953488377,1.51122,96.9,0.6602
1053,1,1099.5,15734.44,0.091019,0.07348046511627956,0.958806,96.9,0.6606
1054,1,1100.18,15728.23,0.088978,0.07354953488372143,0.464216,94.0,0.6808
1055,1,1100.85,15721.77,0.065941,0.0736186046511633,0.552154,96.4,0.6641
1056,1,1101.53,15715.51,0.101834,0.07368767441860516,0.648406,94.7,0.6762
1057,1,1102.2,15709.2,0.123805,0.07375674418604702,0.809658,95.2,0.6719
1058,1,1102.93,15703.66,0.094921,0.07382581395348889,0.715637,88.6,0.7223
1059,1,1103.63,15697.85,0.15573,0.07389488372093074,0.728278,90.6,0.7062
1060,1,1104.31,15691.66,0.062709,0.0739639534883726,0.575627,94.3,0.6784
1061,1,1105.0,15685.61,0.088504,0.07403302325581447,0.6112,94.1,0.6804
1062,1,1105.68,15679.35,0.086368,0.07410209302325634,0.624517,95.2,0.672
1063,1,1106.36,15673.32,0.109026,0.0741711627906982,0.58479,93.1,0.6878
1064,1,1107.05,15667.3,0.102779,0.07424023255814005,0.898414,93.1,0.6874
1065,1,1107.73,15661.08,0.042276,0.07430930232558192,0.345618,95.0,0.6734
1066,1,1108.42,15655.14,0.125477,0.07437837209302378,0.672044,92.7,0.6907
1067,1,1109.1,15649.08,0.080994,0.07444744186046565,0.476049,93.7,0.6828
1068,1,1109.77,15642.74,0.123982,0.07451651162790751,0.657492,96.7,0.6622
1069,1,1110.43,15636.43,0.098169,0.07458558139534938,0.426422,96.5,0.6633
1070,1,1111.11,15630.36,0.118848,0.07465465116279123,0.575184,94.1,0.68
1071,1,1111.81,15624.46,0.121941,0.07472372093023308,0.83487,92.7,0.6907
1072,1,1112.48,15618.28,0.140611,0.07479279069767494,0.422758,95.4,0.6706
1073,1,1113.15,15612.1,0.112268,0.0748618604651168,0.431823,95.5,0.6699
1074,1,1113.83,15606.04,0.077298,0.07493093023255866,0.578138,94.4,0.6776
1075,1,1114.49,15599.78,0.093335,0.075,0.437752,96.7,0.662
1076,1,1115.17,15593.67,0.107663,0.07499999919083633,0.851447,95.1,0.6728
1077,1,1115.86,15587.78,0.162709,0.0749999967633454,0.441887,93.0,0.6882
1078,1,1116.52,15581.55,0.083721,0.07499999271752729,0.539921,96.6,0.6626
1079,1,1117.18,15575.33,0.124526,0.07499998705338219,0.950638,96.6,0.6627
1080,1,1117.84,15569.07,0.087688,0.07499997977091033,0.951102,97.1,0.6588
1081,1,1118.52,15563.01,0.109393,0.07499997087011205,0.497154,95.9,0.6677
1082,1,1119.21,15557.22,0.190637,0.07499996035098772,0.839378,92.6,0.6913
1083,1,1119.89,15551.23,0.121294,0.07499994821353781,0.45752,94.6,0.6763
1084,1,1120.56,15545.21,0.094614,0.07499993445776283,0.431243,95.1,0.673
1085,1,1121.23,15539.1,0.075129,0.07499991908366341,0.496582,96.1,0.6659
1086,1,1121.89,15532.96,0.085623,0.07499990209124019,0.426622,96.4,0.664
1087,1,1122.58,15527.09,0.066719,0.07499988348049393,0.576739,93.9,0.6818
1088,1,1123.26,15521.18,0.141471,0.07499986325142542,0.499368,94.4,0.678
1089,1,1123.93,15515.16,0.087626,0.07499984140403557,0.380045,95.6,0.6695
1090,1,1124.6,15509.17,0.073179,0.07499981793832532,0.563765,95.3,0.6715
1091,1,1125.26,15503.07,0.058512,0.07499979285429569,0.622097,96.5,0.6632
1092,1,1125.95,15497.28,0.097756,0.07499976615194777,0.598295,93.6,0.6836
1093,1,1126.62,15491.23,0.071912,0.07499973783128273,0.575304,96.3,0.6643
1094,1,1127.29,15485.36,0.110226,0.07499970789230181,0.487455,94.5,0.6771
1095,1,1127.97,15479.52,0.095154,0.07499967633500632,0.899415,94.3,0.6787
1096,1,1128.64,15473.46,0.076093,0.07499964315939761,0.517646,96.7,0.6618
1097,1,1129.32,15467.62,0.063128,0.07499960836547714,0.896338,94.5,0.6775
1098,1,1129.98,15461.63,0.117864,0.07499957195324644,0.950075,96.2,0.6653
1099,1,1130.65,15455.6,0.103843,0.07499953392270708,0.438142,96.6,0.6624
1100,1,1131.33,15449.79,0.073249,0.07499949427386073,0.50348,94.4,0.6777
1101,1,1132.03,15444.29,0.054085,0.0749994530067091,0.526484,92.4,0.6926
1102,1,1132.7,15438.49,0.088195,0.07499941012125401,0.618095,94.6,0.6768
1103,1,1133.38,15432.71,0.088433,0.07499936561749732,0.735283,94.5,0.6775
1104,1,1134.06,15426.93,0.084914,0.07499931949544095,0.70777,94.5,0.6771
1105,1,1134.73,15421.05,0.082334,0.07499927175508694,0.583463,95.7,0.6686
1106,1,1135.41,15415.27,0.092025,0.07499922239643736,0.981683,94.8,0.6754
1107,1,1136.08,15409.44,0.087492,0.07499917141949436,0.51332,95.4,0.6706
1108,1,1136.76,15403.67,0.049712,0.07499911882426018,0.316737,94.8,0.6748
1109,1,1137.42,15397.79,0.084544,0.07499906461073708,0.868878,96.1,0.6658
1110,1,1138.1,15391.98,0.085791,0.07499900877892744,0.501044,95.4,0.671
1111,1,1138.76,15386.13,0.123935,0.0749989513288337,0.88965,96.0,0.6669
1112,1,1139.43,15380.21,0.107077,0.07499889226045836,0.522065,96.8,0.6609
1113,1,1140.13,15374.8,0.048316,0.074998831573804,0.350754,91.6,0.6984
1114,1,1140.79,15368.89,0.070881,0.07499876926887326,0.508602,97.0,0.6601
1115,1,1141.45,15363.0,0.108094,0.07499870534566885,0.48011,96.8,0.6612
1116,1,1142.13,15357.33,0.141581,0.07499863980419356,0.581325,94.5,0.6774
1117,1,1142.81,15351.74,0.13953,0.07499857264445026,0.674234,94.0,0.6811
1118,1,1143.49,15346.09,0.093872,0.07499850386644186,0.515724,94.6,0.6767
1119,1,1144.15,15340.22,0.07581,0.07499843347017135,0.644852,96.9,0.6602
1120,1,1144.83,15334.57,0.072747,0.07499836145564183,0.490125,94.8,0.6752
1121,1,1145.51,15328.93,0.054024,0.07499828782285642,0.504598,95.7,0.6685
1122,1,1146.2,15323.54,0.06481,0.07499821257181832,0.335367,92.4,0.6928
1123,1,1146.87,15317.84,0.088494,0.07499813570253083,0.615712,95.5,0.6702
1124,1,1147.56,15312.32,0.118666,0.0749980572149973,0.840088,93.7,0.6832
1125,1,1148.23,15306.68,0.162433,0.07499797710922114,1.087316,95.2,0.6725
1126,1,1148.91,15301.05,0.099291,0.07499789538520583,0.559667,95.0,0.6734
1127,1,1149.59,15295.59,0.104559,0.07499781204295497,0.410844,93.4,0.685
1128,1,1150.26,15289.85,0.079177,0.07499772708247217,0.534465,96.4,0.6638
1129,1,1150.92,15284.08,0.125612,0.07499764050376113,0.583056,96.8,0.6609
1130,1,1151.59,15278.43,0.116237,0.07499755230682563,0.658166,95.6,0.6691
1131,1,1152.27,15272.95,0.127296,0.07499746249166951,0.658983,94.0,0.6809
1132,1,1152.95,15267.39,0.082452,0.0749973710582967,0.524571,94.8,0.675
1133,1,1153.62,15261.81,0.079013,0.07499727800671116,0.74481,95.2,0.672
1134,1,1154.31,15256.38,0.107853,0.07499718333691698,1.604697,93.6,0.6835
1135,1,1154.98,15250.8,0.122021,0.07499708704891825,0.79138,95.4,0.671
1136,1,1155.65,15245.27,0.114189,0.07499698914271918,0.449672,95.0,0.6739
1137,1,1156.33,15239.78,0.060435,0.07499688961832407,0.394378,94.6,0.6767
1138,1,1156.99,15234.06,0.080635,0.07499678847573721,0.519335,97.1,0.6588
1139,1,1157.68,15228.74,0.090285,0.07499668571496304,0.401858,93.0,0.688
1140,1,1158.37,15223.36,0.087865,0.07499658133600604,0.910206,93.7,0.6828
1141,1,1159.04,15217.81,0.084832,0.07499647533887073,0.454487,96.2,0.6652
1142,1,1159.71,15212.31,0.067484,0.07499636772356177,0.533058,95.1,0.6728
1143,1,1160.38,15206.72,0.128065,0.07499625849008382,1.098176,96.2,0.6651
1144,1,1161.05,15201.27,0.132458,0.07499614763844165,0.824969,94.8,0.6751
1145,1,1161.72,15195.7,0.059075,0.07499603516864009,0.662936,96.1,0.6657
1146,1,1162.38,15190.12,0.082956,0.07499592108068406,0.414044,96.5,0.6635
1147,1,1163.06,15184.69,0.100079,0.07499580537457852,0.438612,94.9,0.6746
1148,1,1163.74,15179.27,0.105147,0.07499568805032851,0.83774,94.8,0.6754
1149,1,1164.41,15173.86,0.104054,0.07499556910793916,0.73771,94.8,0.6752
1150,1,1165.09,15168.49,0.117842,0.07499544854741563,0.460614,94.5,0.6769
1151,1,1165.77,15163.16,0.093669,0.0749953263687632,0.641272,94.1,0.6798
1152,1,1166.44,15157.6,0.077407,0.07499520257198718,0.629553,96.7,0.6618
1153,1,1167.1,15152.07,0.099359,0.07499507715709297,0.489528,96.5,0.6631
1154,1,1167.78,15146.73,0.062244,0.07499495012408605,0.787148,94.5,0.6771
1155,1,1168.47,15141.49,0.133465,0.07499482147297194,0.811893,93.5,0.6847
1156,1,1169.17,15136.5,0.098569,0.07499469120375626,0.660241,91.2,0.7021
1157,1,1169.85,15131.18,0.097997,0.07499455931644468,0.484322,94.6,0.6768
1158,1,1170.55,15126.19,0.102925,0.07499442581104296,0.451962,91.2,0.7021
1159,1,1171.25,15121.11,0.078926,0.0749942906875569,0.588459,92.2,0.6943
1160,1,1171.92,15115.72,0.097977,0.07499415394599242,0.632985,95.6,0.6696
1161,1,1172.59,15110.41,0.060672,0.07499401558635545,0.394074,95.5,0.6705
1162,1,1173.27,15105.09,0.130143,0.07499387560865202,0.649382,95.0,0.6737
1163,1,1173.95,15099.88,0.09363,0.07499373401288825,0.660205,93.8,0.682
1164,1,1174.63,15094.54,0.113662,0.07499359079907031,0.793101,95.3,0.6715
1165,1,1175.3,15089.19,0.06371,0.07499344596720446,0.505301,95.6,0.6697
1166,1,1175.97,15083.94,0.06746,0.07499329951729698,0.538082,94.7,0.6761
1167,1,1176.64,15078.54,0.14812,0.07499315144935428,0.517926,96.3,0.6649
1168,1,1177.31,15073.16,0.059547,0.0749930017633828,0.379736,96.2,0.6655
1169,1,1177.99,15067.98,0.15997,0.07499285045938907,0.746553,94.1,0.6798
1170,1,1178.67,15062.79,0.054307,0.07499269753737968,0.568786,94.2,0.6793
1171,1,1179.34,15057.44,0.106903,0.0749925429973613,0.708769,96.1,0.6661
1172,1,1180.02,15052.26,0.105682,0.07499238683934066,0.550813,94.4,0.6782
1173,1,1180.71,15047.27,0.094729,0.07499222906332459,0.473323,92.4,0.693
1174,1,1181.38,15041.91,0.072113,0.07499206966931993,0.505421,96.5,0.6633
1175,1,1182.04,15036.58,0.087621,0.07499190865733366,0.73191,96.2,0.6653
1176,1,1182.72,15031.42,0.102819,0.07499174602737278,0.900871,94.4,0.6778
1177,1,1183.38,15026.07,0.111723,0.0749915817794444,1.007525,96.6,0.6624
1178,1,1184.05,15020.71,0.089296,0.07499141591355565,1.311431,96.8,0.6609
1179,1,1184.72,15015.48,0.082785,0.0749912484297138,0.760992,95.4,0.6705
1180,1,1185.38,15010.18,0.109852,0.07499107932792612,0.427237,96.2,0.665
1181,1,1186.06,15004.98,0.103305,0.07499090860819999,0.436272,96.1,0.6659
1182,1,1186.74,14999.88,0.0804,0.07499073627054284,0.640049,94.3,0.6785
1183,1,1187.42,14994.77,0.104549,0.0749905623149622,0.601021,94.5,0.6773
1184,1,1188.09,14989.63,0.160755,0.07499038674146566,0.981123,94.8,0.675
1185,1,1188.76,14984.36,0.136757,0.07499020955006085,0.709844,96.4,0.6637
1186,1,1189.42,14979.11,0.1327,0.0749900307407555,0.439249,96.3,0.6649
1187,1,1190.09,14973.9,0.113712,0.07498985031355741,0.442059,96.0,0.667
1188,1,1190.76,14968.72,0.0498,0.07498966826847445,0.477062,95.6,0.6695
1189,1,1191.43,14963.51,0.10786,0.07498948460551454,0.89931,96.1,0.666
1190,1,1192.1,14958.38,0.131647,0.07498929932468569,0.864013,95.4,0.6709
1191,1,1192.77,14953.23,0.1111,0.074989112425996,0.446177,95.6,0.6694
1192,1,1193.45,14948.16,0.122688,0.07498892390945358,0.651268,94.7,0.6756
1193,1,1194.13,14943.09,0.136109,0.07498873377506668,0.565902,94.9,0.6745
1194,1,1194.81,14938.07,0.10911,0.07498854202284358,0.594492,94.4,0.6782
1195,1,1195.47,14932.84,0.079053,0.07498834865279264,0.494828,96.8,0.6611
1196,1,1196.14,14927.74,0.102272,0.07498815366492226,0.866597,95.4,0.6706
1197,1,1196.84,14923.02,0.116869,0.07498795705924098,1.270589,91.4,0.7004
1198,1,1197.56,14918.47,0.10264,0.07498775883575735,0.661947,89.7,0.7138
1199,1,1198.22,14913.35,0.124636,0.07498755899448001,0.519449,96.0,0.6664
1200,1,1198.89,14908.17,0.086232,0.07498735753541769,0.618409,96.7,0.6619
1201,1,1445.46,17958.13,0.106267,0.07498715445857915,0.540741,54.6,1.1717
1202,1,1446.13,17950.26,0.073186,0.07498694976397324,0.76894,96.2,0.665
1203,1,1446.8,17942.51,0.078879,0.07498674345160891,0.524999,95.0,0.6736
1204,1,1447.47,17934.7,0.122528,0.07498653552149513,0.492504,95.7,0.6687
1205,1,1448.14,17926.83,0.086494,0.07498632597364097,0.470281,96.6,0.6627
1206,1,1448.8,17919.04,0.118773,0.07498611480805556,1.103815,95.9,0.6674
1207,1,1449.47,17911.28,0.150301,0.07498590202474811,1.408989,95.5,0.6698
1208,1,1450.15,17903.53,0.088176,0.0749856876237279,0.509243,95.6,0.6695
1209,1,1450.84,17896.08,0.110687,0.07498547160500425,1.247309,92.4,0.6923
1210,1,1451.51,17888.36,0.074541,0.07498525396858663,0.592159,95.5,0.6704
1211,1,1452.18,17880.62,0.107158,0.07498503471448448,0.907389,95.9,0.6673
1212,1,1452.86,17873.03,0.055258,0.07498481384270737,0.346561,94.3,0.6786
1213,1,1453.55,17865.59,0.093364,0.07498459135326493,0.569836,93.0,0.6883
1214,1,1454.21,17857.85,0.080382,0.07498436724616687,0.618823,96.2,0.6651
1215,1,1454.88,17850.06,0.106322,0.07498414152142295,0.612137,97.1,0.6594
1216,1,1455.54,17842.37,0.089101,0.07498391417904299,0.986741,96.1,0.6659
1217,1,1456.22,17834.81,0.061121,0.07498368521903692,0.567583,94.5,0.677
1218,1,1456.89,17827.16,0.091184,0.07498345464141473,0.675032,95.9,0.6674
1219,1,1457.55,17819.47,0.086369,0.07498322244618646,0.324747,96.3,0.6643
1220,1,1458.26,17812.28,0.099119,0.07498298863336222,0.541735,91.1,0.7026
1221,1,1458.94,17804.84,0.139379,0.07498275320295224,0.751144,94.6,0.6766
1222,1,1459.6,17797.14,0.110371,0.07498251615496673,0.678889,96.9,0.6605
1223,1,1460.27,17789.56,0.083365,0.07498227748941605,0.540694,95.6,0.6692
1224,1,1460.94,17781.95,0.08975,0.07498203720631061,0.534924,96.1,0.6657
1225,1,1461.66,17774.95,0.090848,0.07498179530566088,0.594864,89.6,0.7141
1226,1,1462.38,17768.06,0.066769,0.0749815517874774,0.483782,88.5,0.7233
1227,1,1463.05,17760.54,0.094446,0.07498130665177079,0.726789,95.5,0.6699
1228,1,1463.74,17753.26,0.111423,0.07498105989855174,0.607482,92.8,0.6898
1229,1,1464.42,17745.83,0.115576,0.07498081152783098,0.669976,94.7,0.6755
1230,1,1465.1,17738.39,0.138944,0.07498056153961936,1.396675,95.0,0.6738
1231,1,1465.77,17730.94,0.174751,0.07498030993392779,1.141304,95.1,0.6728
1232,1,1466.44,17723.42,0.085376,0.07498005671076721,0.541631,96.2,0.6656
1233,1,1467.1,17715.88,0.163839,0.07497980187014867,0.421814,96.5,0.663
1234,1,1467.77,17708.35,0.108584,0.07497954541208329,0.466014,96.6,0.6628
1235,1,1468.44,17700.99,0.084039,0.07497928733658223,0.495027,94.6,0.6767
1236,1,1469.13,17693.76,0.136166,0.07497902764365674,0.627784,93.4,0.6854
1237,1,1469.81,17686.45,0.096563,0.07497876633331817,0.456433,94.3,0.6787
1238,1,1470.49,17679.12,0.084829,0.07497850340557788,0.460954,94.8,0.6754
1239,1,1471.16,17671.76,0.107594,0.07497823886044734,0.604623,95.2,0.6722
1240,1,1471.83,17664.34,0.138628,0.07497797269793807,0.593021,96.1,0.6663
1241,1,1472.51,17657.05,0.056392,0.07497770491806169,0.67499,95.3,0.6718
1242,1,1473.17,17649.6,0.107324,0.07497743552082987,0.505438,96.7,0.6621
1243,1,1473.83,17642.14,0.124343,0.07497716450625436,0.671144,96.8,0.661
1244,1,1474.51,17634.83,0.096558,0.07497689187434695,0.514366,95.1,0.673
1245,1,1475.18,17627.55,0.086838,0.07497661762511955,0.736085,95.0,0.6734
1246,1,1475.86,17620.29,0.064528,0.0749763417585841,0.465558,94.8,0.6751
1247,1,1476.52,17612.82,0.122526,0.07497606427475262,0.634497,97.6,0.656
1248,1,1477.21,17605.75,0.066221,0.07497578517363722,0.395357,92.9,0.6887
1249,1,1477.88,17598.54,0.081472,0.07497550445525007,0.535662,94.6,0.6765
1250,1,1478.59,17591.64,0.097675,0.0749752221196034,0.822984,91.2,0.7019
1251,1,1479.27,17584.5,0.092593,0.07497493816670953,0.516894,94.1,0.6802
1252,1,1479.94,17577.2,0.072751,0.0749746525965808,0.463633,96.1,0.6659
1253,1,1480.62,17570.07,0.070189,0.07497436540922968,0.857168,94.1,0.6798
1254,1,1481.33,17563.38,0.13633,0.0749740766046687,0.943888,89.4,0.7158
1255,1,1482.01,17556.17,0.101005,0.07497378618291044,0.507453,95.5,0.6705
1256,1,1482.68,17548.99,0.086749,0.07497349414396756,0.645516,95.3,0.6718
1257,1,1483.35,17541.72,0.065122,0.07497320048785279,0.638523,96.3,0.6643
1258,1,1484.02,17534.58,0.097949,0.07497290521457893,0.374651,94.9,0.6745
1259,1,1484.7,17527.49,0.140094,0.07497260832415886,0.740952,94.5,0.6776
1260,1,1485.36,17520.23,0.103835,0.0749723098166055,0.617549,96.6,0.6622
1261,1,1486.04,17513.1,0.116245,0.0749720096919319,0.522423,95.9,0.6673
1262,1,1486.71,17505.97,0.107087,0.07497170795015111,0.460141,95.3,0.6716
1263,1,1487.38,17498.83,0.124611,0.07497140459127628,0.555441,95.5,0.6702
1264,1,1488.05,17491.67,0.117873,0.07497109961532067,0.452492,95.8,0.6678
1265,1,1488.74,17484.7,0.062579,0.07497079302229755,0.364502,93.9,0.6818
1266,1,1489.41,17477.64,0.053572,0.07497048481222028,0.584642,94.9,0.6742
1267,1,1490.08,17470.47,0.045834,0.07497017498510229,0.536462,96.3,0.6646
1268,1,1490.75,17463.42,0.090976,0.07496986354095711,0.639524,95.1,0.6731
1269,1,1491.41,17456.25,0.035568,0.0749695504797983,0.490558,96.6,0.6627
1270,1,1492.09,17449.27,0.07754,0.07496923580163951,1.109893,94.5,0.6775
1271,1,1492.76,17442.19,0.129983,0.07496891950649447,0.586018,95.7,0.6688
1272,1,1493.44,17435.17,0.072725,0.07496860159437693,0.524657,95.2,0.6725
1273,1,1494.13,17428.41,0.066474,0.07496828206530079,0.4409,92.2,0.6943
1274,1,1494.81,17421.43,0.104215,0.07496796091927996,0.990641,95.0,0.6739
1275,1,1495.47,17414.27,0.106464,0.07496763815632844,0.648313,97.3,0.658
1276,1,1496.13,17407.22,0.157395,0.0749673137764603,0.69405,96.0,0.6664
1277,1,1496.81,17400.26,0.089689,0.07496698777968969,0.903419,95.0,0.6738
1278,1,1497.5,17393.53,0.103293,0.0749666601660308,0.904035,92.4,0.6923
1279,1,1498.17,17386.49,0.103962,0.07496633093549794,0.470542,96.2,0.6652
1280,1,1498.88,17379.94,0.087566,0.07496600008810543,0.381164,90.7,0.7058
1281,1,1499.56,17373.07,0.101978,0.07496566762386771,0.841833,95.9,0.6671
1282,1,1500.23,17366.15,0.082007,0.07496533354279927,0.622544,95.2,0.6723
1283,1,1500.92,17359.41,0.081957,0.07496499784491467,0.610357,93.1,0.6872
1284,1,1501.58,17352.39,0.101392,0.07496466053022854,1.383707,96.6,0.6627
1285,1,1502.26,17345.52,0.100095,0.0749643215987556,0.887233,94.9,0.6742
1286,1,1502.92,17338.47,0.125653,0.07496398105051061,0.543881,97.2,0.6587
1287,1,1503.64,17332.16,0.075993,0.07496363888550842,0.842555,88.8,0.7206
1288,1,1504.31,17325.22,0.067406,0.07496329510376394,0.552898,96.1,0.666
1289,1,1504.98,17318.32,0.04174,0.07496294970529217,0.433479,95.8,0.6679
1290,1,1505.65,17311.51,0.139255,0.07496260269010815,0.392904,94.9,0.6746
1291,1,1506.34,17304.79,0.121929,0.07496225405822703,0.601669,93.8,0.6825
1292,1,1507.0,17297.89,0.161258,0.07496190380966397,0.448529,96.0,0.6664
1293,1,1507.69,17291.17,0.063955,0.07496155194443427,0.394342,94.0,0.681
1294,1,1508.36,17284.33,0.067249,0.07496119846255324,0.659473,95.8,0.668
1295,1,1509.02,17277.39,0.099715,0.07496084336403631,0.501278,97.0,0.6601
1296,1,1509.7,17270.69,0.163491,0.07496048664889896,0.463019,94.2,0.6794
1297,1,1510.39,17264.07,0.092935,0.07496012831715673,1.124221,93.2,0.6864
1298,1,1511.06,17257.23,0.163973,0.07495976836882526,0.640502,96.0,0.667
1299,1,1511.73,17250.5,0.118194,0.0749594068039202,0.631981,94.9,0.6747
1300,1,1512.41,17243.79,0.12212,0.07495904362245735,0.709364,94.7,0.6755
1301,1,1513.1,17237.23,0.116861,0.07495867882445253,0.75591,94.3,0.6785
1302,1,1513.83,17231.18,0.074798,0.07495831240992164,0.5672,87.3,0.7327
1303,1,1514.54,17224.83,0.090932,0.07495794437888065,0.697,90.8,0.7047
1304,1,1515.21,17218.04,0.111946,0.07495757473134561,0.458105,96.0,0.6666
1305,1,1515.96,17212.25,0.119899,0.07495720346733263,0.917728,85.1,0.752
1306,1,1516.62,17205.4,0.133004,0.0749568305868579,0.457524,97.2,0.6587
1307,1,1517.3,17198.74,0.061352,0.07495645608993766,0.48857,94.8,0.675
1308,1,1517.96,17191.99,0.083166,0.07495607997658824,0.584215,96.0,0.6666
1309,1,1518.64,17185.39,0.10195,0.07495570224682603,1.044601,94.3,0.6785
1310,1,1519.32,17178.78,0.07923,0.0749553229006675,0.729211,94.5,0.6774
1311,1,1520.08,17173.13,0.06906,0.0749549419381292,0.528065,84.1,0.7609
1312,1,1520.76,17166.53,0.074186,0.07495455935922772,0.567732,94.7,0.6761
1313,1,1521.43,17159.83,0.128595,0.07495417516397974,0.567078,95.9,0.6674
1314,1,1522.11,17153.27,0.149761,0.07495378935240203,0.774108,94.4,0.6783
1315,1,1522.78,17146.61,0.104455,0.07495340192451137,1.611495,95.8,0.6678
1316,1,1523.45,17140.02,0.150111,0.07495301288032469,1.040104,95.0,0.6738
1317,1,1524.19,17134.15,0.113759,0.07495262221985889,0.629805,86.8,0.7375
1318,1,1524.86,17127.49,0.148873,0.07495222994313107,0.799247,96.1,0.6663
1319,1,1525.56,17121.22,0.114053,0.07495183605015827,0.39123,91.4,0.7
1320,1,1526.25,17114.85,0.161695,0.0749514405409577,0.713838,92.8,0.6897
1321,1,1526.93,17108.32,0.047693,0.07495104341554659,0.835923,95.5,0.6698
1322,1,1527.61,17101.84,0.130025,0.07495064467394225,0.791195,94.2,0.6797
1323,1,1528.28,17095.21,0.127085,0.07495024431616204,0.572173,96.3,0.6647
1324,1,1528.95,17088.7,0.128689,0.07494984234222345,0.830343,94.9,0.6743
1325,1,1529.62,17082.15,0.034491,0.07494943875214397,0.445284,95.5,0.6705
1326,1,1530.29,17075.58,0.078418,0.07494903354594121,0.433707,95.9,0.6673
1327,1,1530.96,17069.03,0.104607,0.07494862672363282,0.865028,95.7,0.6686
1328,1,1531.63,17062.46,0.103047,0.07494821828523655,1.389125,96.0,0.6667
1329,1,1532.3,17055.87,0.107933,0.07494780823077021,0.810691,96.5,0.6635
1330,1,1532.98,17049.55,0.127187,0.07494739656025166,0.678754,93.1,0.6873
1331,1,1533.69,17043.47,0.07836,0.07494698327369885,0.406765,90.4,0.7079
1332,1,1534.37,17036.98,0.117468,0.0749465683711298,0.489351,95.5,0.6701
1333,1,1535.04,17030.58,0.090176,0.07494615185256258,0.43104,94.4,0.6777
1334,1,1535.71,17024.03,0.063251,0.07494573371801536,0.372789,96.4,0.6636
1335,1,1536.38,17017.57,0.086474,0.07494531396750635,0.568719,95.5,0.6699
1336,1,1537.04,17011.01,0.11217,0.07494489260105389,0.715819,96.8,0.6609
1337,1,1537.72,17004.6,0.078944,0.0749444696186763,0.76946,95.0,0.6738
1338,1,1538.39,16998.13,0.087156,0.07494404502039204,0.460532,95.9,0.6672
1339,1,1539.08,16991.97,0.146767,0.07494361880621962,0.757256,92.2,0.6942
1340,1,1539.75,16985.54,0.078748,0.0749431909761776,0.544121,95.6,0.6696
1341,1,1540.43,16979.21,0.089841,0.07494276153028467,0.45875,95.0,0.6736
1342,1,1541.2,16973.84,0.128245,0.07494233046855951,0.426745,83.8,0.7636
1343,1,1542.02,16969.15,0.075209,0.07494189779102094,0.443278,77.5,0.8254
1344,1,1542.78,16963.75,0.138777,0.0749414634976878,0.466917,84.3,0.7593
1345,1,1543.53,16958.13,0.053403,0.07494102758857903,0.398748,86.9,0.7364
1346,1,1544.33,16953.26,0.086849,0.07494059006371363,0.517896,79.4,0.8064
1347,1,1545.34,16950.56,0.076171,0.07494015092311067,0.469242,63.8,1.0033
1348,1,1546.27,16947.04,0.067335,0.0749397101667893,0.501003,68.8,0.9297
1349,1,1547.28,16944.35,0.062696,0.07493926779476873,0.765553,63.7,1.004
1350,1,1548.41,16943.0,0.098582,0.07493882380706823,0.897578,56.9,1.1256
1351,1,1549.46,16940.81,0.090157,0.07493837820370718,0.557969,61.0,1.0495
1352,1,1550.43,16937.81,0.082905,0.07493793098470498,0.624117,65.6,0.9752
1353,1,1551.53,16936.1,0.130047,0.07493748215008114,0.451782,58.6,1.0929
1354,1,1552.48,16932.78,0.101687,0.07493703169985523,0.445152,67.7,0.9449
1355,1,1553.44,16929.67,0.066421,0.07493657963404687,0.625343,66.3,0.9649
1356,1,1554.43,16926.73,0.091298,0.07493612595267576,0.977043,65.3,0.9807
1357,1,1555.29,16922.52,0.071861,0.0749356706557617,0.863822,74.1,0.8632
1358,1,1556.18,16918.57,0.074744,0.07493521374332453,0.69614,72.3,0.885
1359,1,1557.08,16914.72,0.089559,0.07493475521538415,0.388292,71.4,0.8964
1360,1,1558.07,16911.95,0.083843,0.07493429507196057,0.368401,64.4,0.9944
1361,1,1558.96,16907.97,0.080956,0.07493383331307384,0.436892,73.1,0.8752
1362,1,1559.84,16903.95,0.131135,0.0749333699387441,0.907705,72.8,0.8793
1363,1,1560.7,16899.71,0.10089,0.07493290494899152,1.112627,74.7,0.8571
1364,1,1561.42,16894.06,0.107581,0.07493243834383638,0.692876,88.1,0.7268
1365,1,1562.23,16889.3,0.106592,0.07493197012329904,0.669014,79.1,0.8095
1366,1,1563.18,16886.01,0.084806,0.07493150028739991,0.56242,67.8,0.9442
1367,1,1564.05,16881.95,0.096835,0.07493102883615943,0.600846,73.4,0.872
1368,1,1565.0,16878.63,0.099154,0.0749305557695982,0.514468,68.0,0.9409
1369,1,1565.88,16874.64,0.063247,0.07493008108773681,0.637169,72.9,0.8774
1370,1,1566.65,16869.48,0.095255,0.07492960479059597,0.545704,83.1,0.7697
1371,1,1567.35,16863.64,0.09421,0.07492912687819644,0.382433,90.7,0.7053
1372,1,1568.08,16857.97,0.110932,0.07492864735055904,0.716847,88.8,0.7206
1373,1,1568.75,16851.83,0.103771,0.07492816620770469,0.493525,94.6,0.6764
1374,1,1569.43,16845.72,0.127643,0.07492768344965435,0.760715,94.3,0.6784
1375,1,1570.1,16839.46,0.127408,0.07492719907642907,0.596408,96.5,0.663
1376,1,1570.78,16833.37,0.100163,0.07492671308804995,0.693862,94.2,0.6791
1377,1,1571.48,16827.49,0.100749,0.07492622548453819,0.583687,91.8,0.6973
1378,1,1572.19,16821.72,0.114279,0.07492573626591505,0.751063,90.5,0.7074
1379,1,1572.9,16816.05,0.147931,0.07492524543220185,0.744671,89.4,0.7159
1380,1,1573.61,16810.3,0.072522,0.07492475298341998,0.567146,90.5,0.7075
1381,1,1574.29,16804.18,0.105681,0.07492425891959092,0.552966,96.0,0.6667
1382,1,1574.96,16798.08,0.108467,0.0749237632407362,0.721033,95.0,0.6735
1383,1,1575.67,16792.3,0.069129,0.07492326594687743,0.483792,91.0,0.7036
1384,1,1576.37,16786.5,0.081233,0.07492276703803627,0.461076,91.4,0.6999
1385,1,1577.06,16780.61,0.135782,0.0749222665142345,0.923922,92.7,0.6907
1386,1,1577.75,16774.65,0.138875,0.0749217643754939,0.675423,93.6,0.6836
1387,1,1578.42,16768.53,0.105715,0.07492126062183639,0.408916,95.8,0.6681
1388,1,1579.09,16762.51,0.096924,0.07492075525328391,0.419785,94.4,0.6777
1389,1,1579.79,16756.72,0.09456,0.07492024826985852,0.348611,91.8,0.697
1390,1,1580.47,16750.71,0.117451,0.07491973967158227,0.512302,94.7,0.676
1391,1,1581.14,16744.66,0.111585,0.07491922945847738,0.654604,95.2,0.6721
1392,1,1581.94,16739.88,0.105216,0.07491871763056607,0.471477,80.9,0.7907
1393,1,1582.65,16734.26,0.127431,0.07491820418787062,0.547942,90.0,0.7108
1394,1,1583.32,16728.26,0.12385,0.07491768913041348,0.403462,94.8,0.6748
1395,1,1583.99,16722.16,0.152874,0.07491717245821705,0.570404,96.6,0.6625
1396,1,1584.65,16716.06,0.096395,0.07491665417130386,0.489036,96.5,0.6633
1397,1,1585.42,16711.0,0.065835,0.07491613426969651,0.458446,84.1,0.7613
1398,1,1586.16,16705.74,0.089306,0.07491561275341767,0.433895,86.3,0.7417
1399,1,1586.83,16699.74,0.055081,0.07491508962249006,0.786111,95.5,0.6704
1400,1,1587.51,16693.79,0.134831,0.07491456487693651,1.219682,94.7,0.6756
1401,1,1588.25,16688.54,0.09857,0.07491403851677986,0.454035,87.1,0.735
1402,1,1588.92,16682.53,0.10242,0.07491351054204307,0.430286,95.7,0.6685
1403,1,1589.64,16677.09,0.156812,0.07491298095274915,0.65709,88.7,0.7218
1404,1,1590.41,16672.08,0.068525,0.0749124497489212,0.496787,84.3,0.7589
1405,1,1591.1,16666.3,0.097307,0.07491191693058236,0.715541,93.1,0.6872
1406,1,1591.79,16660.62,0.088103,0.07491138249775585,0.569312,91.9,0.6967
1407,1,1592.49,16654.96,0.14964,0.07491084645046499,0.572619,91.8,0.6975
1408,1,1593.17,16649.06,0.064285,0.07491030878873314,0.971554,94.8,0.675
1409,1,1593.86,16643.37,0.115384,0.07490976951258373,0.844522,92.4,0.6929
1410,1,1594.54,16637.51,0.091185,0.07490922862204026,0.489427,94.5,0.677
1411,1,1595.21,16631.58,0.086434,0.07490868611712634,0.419534,95.7,0.6686
1412,1,1595.89,16625.74,0.139638,0.07490814199786558,0.470888,94.5,0.6774
1413,1,1596.6,16620.22,0.099184,0.07490759626428173,0.488317,90.5,0.7069
1414,1,1597.27,16614.33,0.05372,0.07490704891639856,0.454856,95.5,0.6705
1415,1,1597.95,16608.47,0.056058,0.07490649995423992,0.44992,95.1,0.6732
1416,1,1598.63,16602.67,0.109129,0.07490594937782977,0.910074,94.4,0.6779
1417,1,1599.3,16596.88,0.091331,0.0749053971871921,0.493629,94.4,0.6782
1418,1,1599.97,16590.96,0.075543,0.07490484338235097,0.407217,96.3,0.6649
1419,1,1600.65,16585.17,0.054729,0.07490428796333053,0.515474,94.5,0.6771
1420,1,1601.32,16579.25,0.064654,0.07490373093015498,0.523786,96.3,0.6647
1421,1,1601.98,16573.37,0.093544,0.07490317228284862,0.420745,97.0,0.6595
1422,1,1602.66,16567.54,0.118838,0.07490261202143579,0.915785,95.4,0.671
1423,1,1603.34,16561.83,0.070184,0.07490205014594091,0.824104,93.9,0.6818
1424,1,1604.02,16556.1,0.073645,0.07490148665638847,0.608969,94.1,0.6803
1425,1,1604.68,16550.15,0.115375,0.07490092155280306,0.994591,97.4,0.6568
1426,1,1605.34,16544.21,0.040949,0.07490035483520929,0.338084,97.2,0.6581
1427,1,1606.02,16538.48,0.158708,0.07489978650363187,1.451377,94.4,0.6777
1428,1,1606.72,16532.99,0.10144,0.07489921655809557,1.09774,91.5,0.6992
1429,1,1607.39,16527.19,0.097741,0.07489864499862525,0.66017,95.6,0.6695
1430,1,1608.05,16521.32,0.13053,0.07489807182524581,0.524249,96.8,0.6612
1431,1,1608.74,16515.74,0.067278,0.07489749703798224,0.486756,92.7,0.6901
1432,1,1609.42,16510.03,0.123911,0.07489692063685958,0.580984,94.7,0.676
1433,1,1610.09,16504.23,0.081322,0.07489634262190299,0.666878,96.1,0.6661
1434,1,1610.79,16498.76,0.120715,0.07489576299313763,0.519441,91.8,0.6975
1435,1,1611.45,16492.95,0.057563,0.07489518175058879,0.436983,96.4,0.6642
1436,1,1612.14,16487.43,0.090731,0.07489459889428181,0.616833,92.5,0.6917
1437,1,1612.83,16481.89,0.114234,0.07489401442424207,0.856312,92.9,0.6886
1438,1,1613.51,16476.21,0.108624,0.07489342834049507,0.511685,94.7,0.6755
1439,1,1614.18,16470.44,0.13606,0.07489284064306637,0.418239,96.5,0.6632
1440,1,1614.86,16464.8,0.115886,0.07489225133198156,0.54849,94.5,0.6775
1441,1,1615.54,16459.19,0.089353,0.07489166040726633,0.441782,94.9,0.6745
1442,1,1616.2,16453.4,0.102753,0.07489106786894645,0.722667,96.8,0.6614
1443,1,1616.87,16447.75,0.111501,0.07489047371704777,0.740924,94.9,0.6746
1444,1,1617.54,16441.99,0.069677,0.07488987795159616,0.735206,96.6,0.6626
1445,1,1618.21,16436.34,0.182397,0.0748892805726176,0.644273,95.1,0.6727
1446,1,1618.89,16430.68,0.061422,0.07488868158013813,0.31397,95.4,0.6711
1447,1,1619.55,16424.94,0.10226,0.07488808097418385,0.380129,96.6,0.6625
1448,1,1620.22,16419.23,0.146528,0.07488747875478098,0.837482,96.2,0.6652
1449,1,1620.89,16413.65,0.11961,0.07488687492195573,0.849361,94.5,0.677
1450,1,1621.57,16408.05,0.071061,0.07488626947573443,0.343557,95.0,0.6739
1451,1,1622.26,16402.62,0.149425,0.07488566241614349,0.605338,92.6,0.6909
1452,1,1622.94,16397.01,0.076029,0.07488505374320935,0.666884,95.3,0.6716
1453,1,1623.6,16391.28,0.117763,0.07488444345695856,0.620193,97.0,0.6596
1454,1,1624.27,16385.67,0.087943,0.07488383155741772,0.49284,95.5,0.6705
1455,1,1624.95,16380.21,0.141639,0.0748832180446135,0.477178,93.5,0.6845
1456,1,1625.61,16374.5,0.105175,0.07488260291857264,0.474578,97.0,0.6597
1457,1,1626.28,16368.84,0.098469,0.07488198617932196,0.689253,96.4,0.6636
1458,1,1626.95,16363.19,0.076417,0.07488136782688834,0.499046,96.4,0.6641
1459,1,1627.62,16357.65,0.107821,0.07488074786129875,0.62268,94.9,0.6747
1460,1,1628.29,16352.02,0.146719,0.07488012628258019,0.789421,96.2,0.6651
1461,1,1628.95,16346.39,0.078352,0.07487950309075977,0.640163,97.1,0.6592
1462,1,1629.62,16340.77,0.139063,0.07487887828586465,0.551509,96.3,0.6644
1463,1,1630.29,16335.23,0.091049,0.07487825186792206,0.65925,95.2,0.6724
1464,1,1630.96,16329.61,0.126498,0.07487762383695933,0.842532,96.5,0.663
1465,1,1631.63,16324.08,0.089177,0.07487699419300381,0.529553,95.3,0.6713
1466,1,1632.3,16318.51,0.121149,0.07487636293608296,0.498996,95.9,0.6672
1467,1,1632.97,16312.99,0.121431,0.07487573006622432,0.492098,95.5,0.6705
1468,1,1633.64,16307.51,0.086908,0.07487509558345544,0.623667,94.9,0.6743
1469,1,1634.31,16301.98,0.078297,0.074874459487804,0.755807,95.8,0.6681
1470,1,1634.98,16296.41,0.124546,0.07487382177929772,1.019434,96.3,0.6643
1471,1,1635.65,16290.87,0.15788,0.07487318245796439,0.634384,96.0,0.6667
1472,1,1636.32,16285.38,0.075874,0.0748725415238319,0.790759,95.3,0.6713
1473,1,1637.0,16279.98,0.130773,0.07487189897692817,0.550431,94.4,0.678
1474,1,1637.67,16274.48,0.098764,0.07487125481728123,0.862119,95.7,0.6684
1475,1,1638.35,16269.06,0.063501,0.07487060904491914,0.450543,94.6,0.6763
1476,1,1639.02,16263.61,0.108031,0.07486996165987005,0.464399,95.2,0.6722
1477,1,1639.68,16258.05,0.097069,0.0748693126621622,0.469051,96.8,0.661
1478,1,1640.34,16252.49,0.154068,0.07486866205182385,0.707244,97.1,0.6592
1479,1,1641.01,16247.03,0.100097,0.0748680098288834,0.50996,95.6,0.6694
1480,1,1641.69,16241.68,0.096089,0.07486735599336924,0.397658,94.2,0.6791
1481,1,1642.38,16236.36,0.109967,0.0748667005453099,0.60954,94.5,0.6771
1482,1,1643.05,16230.9,0.078197,0.07486604348473395,0.575339,96.0,0.6666
1483,1,1643.74,16225.72,0.119415,0.07486538481167003,0.586884,92.0,0.6955
1484,1,1644.42,16220.33,0.109007,0.07486472452614684,0.430411,95.1,0.6731
1485,1,1645.08,16214.86,0.129403,0.07486406262819317,0.578733,96.4,0.664
1486,1,1645.75,16209.42,0.103659,0.07486339911783788,0.628791,95.9,0.6671
1487,1,1646.44,16204.16,0.136387,0.07486273399510987,0.617533,93.5,0.6844
1488,1,1647.09,16198.63,0.085638,0.07486206726003816,0.577361,97.5,0.6561
1489,1,1647.76,16193.23,0.084296,0.0748613989126518,0.416712,95.7,0.6687
1490,1,1648.43,16187.77,0.089236,0.07486072895297993,0.736849,96.8,0.6614
1491,1,1649.18,16183.22,0.122455,0.07486005738105175,1.001151,84.8,0.7543
1492,1,1649.88,16178.15,0.090206,0.07485938419689656,0.510461,91.3,0.7006
1493,1,1650.56,16172.86,0.069752,0.07485870940054366,0.42074,94.5,0.677
1494,1,1651.24,16167.52,0.101825,0.0748580329920225,0.565608,95.3,0.6719
1495,1,1651.92,16162.29,0.174385,0.07485735497136255,0.517883,93.8,0.6826
1496,1,1652.6,16157.02,0.069339,0.07485667533859336,0.471234,94.5,0.677
1497,1,1653.3,16152.0,0.083196,0.07485599409374458,0.801569,91.0,0.7032
1498,1,1653.97,16146.62,0.135756,0.07485531123684588,0.905361,96.2,0.6651
1499,1,1654.65,16141.42,0.114626,0.07485462676792705,0.583223,93.7,0.6833
1500,1,1655.33,16136.12,0.133713,0.07485394068701791,0.505686,95.2,0.6721
1501,1,1699.75,16556.96,0.158941,0.07485325299414837,0.643351,88.3,0.7247
1502,1,1700.61,16553.18,0.127316,0.07485256368934841,0.461331,74.7,0.8565
1503,1,1701.28,16547.6,0.057437,0.07485187277264807,0.41782,95.0,0.6735
1504,1,1701.96,16542.04,0.115837,0.07485118024407748,0.527149,94.8,0.6749
1505,1,1702.65,16536.68,0.059076,0.07485048610366683,0.658636,92.2,0.694
1506,1,1703.35,16531.29,0.094514,0.07484979035144639,0.437236,92.6,0.6912
1507,1,1704.03,16525.77,0.100073,0.07484909298744645,0.58544,94.5,0.6772
1508,1,1704.72,16520.43,0.105785,0.07484839401169743,0.467717,92.1,0.6951
1509,1,1705.39,16514.86,0.113823,0.0748476934242298,0.696265,95.4,0.6706
1510,1,1706.1,16509.58,0.12231,0.0748469912250741,0.857802,91.5,0.6997
1511,1,1706.76,16503.97,0.107741,0.07484628741426094,0.505726,96.3,0.6648
1512,1,1707.43,16498.33,0.106924,0.074845581991821,0.62005,96.7,0.6621
1513,1,1708.12,16493.03,0.080688,0.07484487495778502,0.345314,92.0,0.6954
1514,1,1708.8,16487.51,0.112886,0.07484416631218384,0.599542,95.2,0.6725
1515,1,1709.46,16481.88,0.074094,0.07484345605504833,0.436551,96.8,0.6613
1516,1,1710.12,16476.25,0.100643,0.07484274418640946,0.429117,97.0,0.6596
1517,1,1710.79,16470.71,0.060113,0.07484203070629827,0.445472,95.7,0.6689
1518,1,1711.5,16465.6,0.110796,0.07484131561474586,0.450796,89.8,0.7124
1519,1,1712.27,16461.03,0.16286,0.0748405989117834,0.935952,83.4,0.7674
1520,1,1712.96,16455.7,0.102131,0.07483988059744211,0.895805,93.2,0.687
1521,1,1713.65,16450.38,0.066642,0.07483916067175332,0.491993,94.2,0.6792
1522,1,1714.33,16444.96,0.099105,0.07483843913474843,0.529909,94.4,0.6777
1523,1,1715.0,16439.48,0.106961,0.07483771598645886,0.593152,95.4,0.6711
1524,1,1715.75,16434.72,0.118213,0.07483699122691616,0.678543,86.0,0.7444
1525,1,1716.46,16429.65,0.078605,0.0748362648561519,0.54569,89.8,0.7126
1526,1,1717.17,16424.49,0.149735,0.07483553687419776,0.831547,91.1,0.7029
1527,1,1717.84,16419.05,0.100602,0.07483480728108546,0.893643,95.2,0.6726
1528,1,1718.5,16413.51,0.134468,0.07483407607684682,0.631458,96.8,0.6613
1529,1,1719.19,16408.19,0.124524,0.07483334326151371,0.671295,93.6,0.6838
1530,1,1719.86,16402.76,0.112219,0.07483260883511807,0.750018,95.3,0.6715
1531,1,1720.53,16397.32,0.099222,0.0748318727976919,0.917595,95.6,0.6694
1532,1,1721.22,16392.06,0.174284,0.07483113514926731,0.768194,92.9,0.6886
1533,1,1722.04,16387.98,0.126739,0.07483039588987646,0.619822,79.0,0.8106
1534,1,1722.82,16383.67,0.098761,0.07482965501955155,0.539017,81.4,0.7863
1535,1,1723.5,16378.31,0.079229,0.0748289125383249,0.620616,94.7,0.6758
1536,1,1724.18,16372.96,0.054135,0.07482816844622885,0.742564,94.7,0.6762
1537,1,1724.87,16367.7,0.085162,0.07482742274329585,0.752492,93.4,0.6853
1538,1,1725.53,16362.22,0.109613,0.0748266754295584,0.563825,96.8,0.6613
1539,1,1726.2,16356.83,0.118041,0.07482592650504907,0.450495,95.5,0.6705
1540,1,1726.87,16351.41,0.09017,0.07482517596980054,0.497571,96.0,0.6667
1541,1,1727.55,16346.16,0.124831,0.07482442382384549,0.844449,94.3,0.6788
1542,1,1728.22,16340.76,0.111354,0.07482367006721674,0.632359,95.9,0.6671
1543,1,1728.91,16335.53,0.07384,0.0748229146999471,0.701191,93.5,0.6845
1544,1,1729.58,16330.17,0.108938,0.07482215772206956,0.622547,95.5,0.67
1545,1,1730.25,16324.81,0.102661,0.07482139913361706,0.479865,95.5,0.67
1546,1,1730.91,16319.41,0.094207,0.0748206389346227,0.598461,96.3,0.6648
1547,1,1731.57,16313.97,0.070252,0.0748198771251196,0.702027,97.1,0.6591
1548,1,1732.26,16308.76,0.077591,0.07481911370514098,0.467041,93.6,0.6836
1549,1,1732.96,16303.67,0.047665,0.07481834867472012,0.477766,92.0,0.6957
1550,1,1733.63,16298.39,0.121536,0.07481758203389037,0.442447,94.8,0.6753
1551,1,1734.3,16293.05,0.104155,0.07481681378268513,0.578922,95.9,0.6673
1552,1,1734.97,16287.69,0.149522,0.07481604392113791,0.721327,96.3,0.6646
1553,1,1735.65,16282.44,0.090435,0.07481527244928227,0.374319,94.5,0.6769
1554,1,1736.32,16277.12,0.131446,0.07481449936715182,0.527337,95.8,0.6678
1555,1,1736.98,16271.72,0.06883,0.07481372467478027,0.598356,97.1,0.659
1556,1,1737.64,16266.39,0.09235,0.0748129483722014,0.634754,96.2,0.6651
1557,1,1738.34,16261.33,0.116734,0.07481217045944903,0.59995,92.3,0.6938
1558,1,1739.01,16256.06,0.111444,0.07481139093655709,1.126348,95.4,0.671
1559,1,1739.69,16250.92,0.118095,0.07481060980355955,1.175423,93.5,0.6842
1560,1,1740.38,16245.77,0.068762,0.07480982706049047,0.935606,93.7,0.6828
1561,1,1741.09,16240.86,0.045928,0.07480904270738395,0.334359,91.7,0.6983
1562,1,1741.75,16235.54,0.109966,0.07480825674427422,1.164209,96.7,0.6618
1563,1,1742.42,16230.25,0.09484,0.07480746917119549,0.699945,96.1,0.6656
1564,1,1743.09,16225.01,0.137934,0.07480667998818212,0.486245,95.5,0.6701
1565,1,1743.77,16219.89,0.069503,0.07480588919526851,0.36866,93.8,0.6821
1566,1,1744.55,16215.65,0.060466,0.07480509679248913,1.020988,82.4,0.7767
1567,1,1745.23,16210.46,0.17373,0.07480430277987853,1.123256,95.1,0.6733
1568,1,1745.92,16205.43,0.116522,0.07480350715747129,0.584554,92.6,0.6908
1569,1,1746.59,16200.21,0.066615,0.07480270992530214,0.457593,95.7,0.6689
1570,1,1747.27,16195.09,0.102393,0.0748019110834058,0.580801,94.1,0.6801
1571,1,1747.95,16189.94,0.118014,0.0748011106318171,0.371002,94.7,0.6758
1572,1,1748.63,16184.8,0.132201,0.07480030857057093,0.618984,94.6,0.6766
1573,1,1749.31,16179.73,0.117608,0.07479950489970226,0.49912,93.8,0.6826
1574,1,1749.99,16174.61,0.118638,0.07479869961924612,0.988063,94.5,0.6774
1575,1,1750.68,16169.61,0.055373,0.07479789272923762,1.336327,92.8,0.6893
1576,1,1751.35,16164.4,0.031733,0.07479708422971192,0.41329,96.1,0.666
1577,1,1752.02,16159.2,0.066015,0.07479627412070428,0.67384,95.9,0.6672
1578,1,1752.69,16154.09,0.07235,0.07479546240224998,0.488089,94.7,0.6758
1579,1,1753.35,16148.84,0.115933,0.07479464907438445,0.541048,96.9,0.6605
1580,1,1754.05,16143.94,0.082242,0.0747938341371431,0.540566,91.8,0.6974
1581,1,1754.73,16138.85,0.097722,0.0747930175905615,0.991098,95.8,0.668
1582,1,1755.4,16133.7,0.128158,0.07479219943467522,0.620842,95.6,0.6694
1583,1,1756.09,16128.73,0.090641,0.0747913796695199,0.41244,93.0,0.6883
1584,1,1756.75,16123.51,0.094641,0.07479055829513132,0.492354,97.0,0.6601
1585,1,1757.45,16118.67,0.073689,0.07478973531154524,0.846093,91.2,0.7014
1586,1,1758.12,16113.49,0.099125,0.07478891071879758,0.457926,96.4,0.6639
1587,1,1758.78,16108.32,0.101482,0.07478808451692424,0.82447,96.6,0.6628
1588,1,1759.45,16103.13,0.110263,0.07478725670596129,0.670346,96.7,0.662
1589,1,1760.14,16098.21,0.103604,0.07478642728594476,0.722648,92.9,0.6891
1590,1,1760.82,16093.25,0.13442,0.07478559625691084,0.724535,93.4,0.6854
1591,1,1761.52,16088.43,0.103308,0.07478476361889574,0.819589,91.5,0.6993
1592,1,1762.22,16083.56,0.107788,0.07478392937193577,0.598997,92.3,0.6937
1593,1,1762.9,16078.58,0.108627,0.07478309351606728,0.408977,94.0,0.6805
1594,1,1763.63,16073.99,0.126659,0.07478225605132673,0.954308,88.5,0.7231
1595,1,1764.31,16069.09,0.074757,0.07478141697775059,0.530203,93.0,0.6884
1596,1,1765.08,16064.85,0.08813,0.07478057629537546,0.706301,84.6,0.7567
1597,1,1765.85,16060.73,0.054383,0.07477973400423799,0.530256,82.8,0.7734
1598,1,1766.61,16056.44,0.085598,0.0747788901043749,0.642868,84.9,0.7541
1599,1,1767.31,16051.68,0.103857,0.07477804459582293,0.867555,91.3,0.7014
1600,1,1768.0,16046.85,0.067379,0.07477719747861901,0.365514,92.5,0.6922
1601,1,1768.77,16042.63,0.112287,0.07477634875280001,0.387736,90.3,0.7091
1602,1,1769.48,16038.0,0.089991,0.07477549841840295,0.663293,89.7,0.7137
1603,1,1770.15,16032.92,0.085917,0.07477464647546489,0.438607,96.4,0.6641
1604,1,1770.81,16027.82,0.085388,0.07477379292402297,0.779656,96.7,0.6617
1605,1,1771.57,16023.57,0.07556,0.0747729377641144,0.36478,84.8,0.7546
1606,1,1772.27,16018.81,0.128126,0.07477208099577645,0.5069,91.6,0.6988
1607,1,1772.94,16013.85,0.080744,0.07477122261904649,0.350285,94.9,0.6745
1608,1,1773.64,16009.08,0.086483,0.0747703626339619,0.373033,91.9,0.6961
1609,1,1774.36,16004.53,0.084039,0.07476950104056021,0.459248,89.0,0.719
1610,1,1775.04,15999.61,0.129645,0.07476863783887895,0.557211,94.4,0.678
1611,1,1775.7,15994.55,0.104652,0.07476777302895575,0.520133,96.6,0.6625
1612,1,1776.37,15989.51,0.165256,0.07476690661082831,0.698999,96.5,0.6631
1613,1,1777.05,15984.67,0.057273,0.07476603858453441,0.434688,93.4,0.6849
1614,1,1777.72,15979.68,0.133353,0.07476516895011188,0.543119,95.8,0.6681
1615,1,1778.39,15974.7,0.095207,0.07476429770759864,0.391235,95.7,0.6689
1616,1,1779.08,15969.86,0.085006,0.07476342485703263,0.407827,93.7,0.6828
1617,1,1779.77,15965.14,0.130964,0.07476255039845195,0.551844,92.1,0.6952
1618,1,1780.45,15960.23,0.096857,0.07476167433189469,0.478102,94.9,0.6745
1619,1,1781.18,15955.82,0.133679,0.07476079665739904,0.612347,87.7,0.7296
1620,1,1781.99,15952.09,0.114015,0.07475991737500326,0.506556,79.5,0.8053
1621,1,1782.75,15947.95,0.096275,0.07475903648474569,0.569416,85.0,0.7528
1622,1,1783.55,15944.21,0.105359,0.0747581539866647,0.343902,79.7,0.8027
1623,1,1784.23,15939.33,0.081128,0.0747572698807988,0.734361,94.8,0.6751
1624,1,1784.91,15934.48,0.143047,0.0747563841671865,0.969991,94.5,0.6772
1625,1,1785.62,15929.9,0.127014,0.07475549684586642,0.493375,90.4,0.7079
1626,1,1786.29,15925.04,0.110193,0.07475460791687724,1.084679,94.7,0.6761
1627,1,1787.0,15920.42,0.124524,0.07475371738025771,1.445038,91.3,0.7006
1628,1,1787.68,15915.66,0.070059,0.07475282523604664,0.62506,93.3,0.6859
1629,1,1788.5,15912.09,0.097676,0.07475193148428293,0.511368,78.3,0.8172
1630,1,1789.22,15907.62,0.105593,0.07475103612500554,0.697433,89.6,0.7141
1631,1,1789.98,15903.5,0.104325,0.0747501391582535,0.565971,84.6,0.7566
1632,1,1790.66,15898.73,0.129281,0.0747492405840659,0.751996,93.8,0.6821
1633,1,1791.39,15894.29,0.097882,0.07474834040248192,0.622572,88.9,0.7201
1634,1,1792.09,15889.71,0.085873,0.0747474386135408,0.419293,91.2,0.7019
1635,1,1792.77,15884.91,0.13835,0.07474653521728185,0.72274,94.4,0.678
1636,1,1793.44,15880.09,0.076427,0.07474563021374443,0.81075,94.9,0.6747
1637,1,1794.11,15875.21,0.062197,0.07474472360296804,0.810115,96.0,0.667
1638,1,1794.79,15870.43,0.085246,0.07474381538499214,0.610922,94.6,0.6768
1639,1,1795.48,15865.71,0.104196,0.07474290555985637,0.509797,93.5,0.6842
1640,1,1796.19,15861.24,0.091015,0.07474199412760035,0.391348,89.9,0.7121
1641,1,1796.88,15856.59,0.08797,0.07474108108826384,0.969464,93.2,0.6864
1642,1,1797.57,15851.92,0.085363,0.07474016644188662,0.557901,92.9,0.689
1643,1,1798.26,15847.24,0.102396,0.07473925018850858,0.357773,93.3,0.686
1644,1,1798.97,15842.72,0.13073,0.07473833232816965,0.687413,90.9,0.7044
1645,1,1799.63,15837.84,0.113212,0.07473741286090983,0.618624,96.7,0.662
1646,1,1800.3,15833.0,0.104236,0.07473649178676922,0.380692,95.9,0.6673
1647,1,1800.96,15828.13,0.099323,0.07473556910578796,0.509604,96.5,0.6629
1648,1,1801.66,15823.54,0.113908,0.07473464481800629,0.958926,92.3,0.6934
1649,1,1802.34,15818.85,0.083259,0.07473371892346448,0.45623,93.9,0.6819
1650,1,1803.01,15814.04,0.113514,0.07473279142220288,0.673401,95.8,0.6678
1651,1,1803.69,15809.3,0.063892,0.07473186231426196,0.391321,94.6,0.6767
1652,1,1804.37,15804.63,0.094217,0.07473093159968218,0.545797,93.9,0.6814
1653,1,1805.04,15799.87,0.12248,0.07472999927850413,0.617963,95.2,0.6725
1654,1,1805.71,15795.01,0.03816,0.07472906535076845,0.49021,96.9,0.6602
1655,1,1806.38,15790.27,0.090906,0.07472812981651586,0.911224,95.1,0.673
1656,1,1807.06,15785.56,0.140681,0.07472719267578713,0.545042,94.8,0.6749
1657,1,1807.73,15780.85,0.09033,0.07472625392862312,0.343676,94.7,0.6761
1658,1,1808.4,15776.09,0.090394,0.07472531357506473,0.414887,95.6,0.6693
1659,1,1809.07,15771.29,0.119254,0.07472437161515298,0.606309,96.4,0.6637
1660,1,1809.88,15767.72,0.084606,0.07472342804892891,0.571629,79.5,0.8046
1661,1,1810.65,15763.93,0.064557,0.07472248287643367,0.553986,83.3,0.7683
1662,1,1811.36,15759.45,0.124717,0.07472153609770844,0.608376,91.5,0.6997
1663,1,1812.04,15754.86,0.092328,0.07472058771279451,0.493063,93.3,0.6862
1664,1,1812.72,15750.15,0.123534,0.07471963772173319,0.47094,95.3,0.6718
1665,1,1813.39,15745.44,0.065131,0.07471868612456593,0.500458,95.4,0.671
1666,1,1814.06,15740.73,0.096875,0.07471773292133421,0.883596,95.6,0.6697
1667,1,1814.74,15736.07,0.112477,0.07471677811207957,0.551014,94.6,0.6762
1668,1,1815.4,15731.3,0.111626,0.07471582169684361,0.613421,96.7,0.6621
1669,1,1816.07,15726.56,0.095116,0.07471486367566804,0.543407,96.1,0.6662
1670,1,1816.74,15721.9,0.133848,0.07471390404859463,0.66286,95.0,0.6734
1671,1,1817.41,15717.18,0.08483,0.0747129428156652,0.588343,96.0,0.6667
1672,1,1818.08,15712.47,0.096285,0.07471197997692165,0.672313,95.8,0.6682
1673,1,1818.75,15707.81,0.116636,0.07471101553240596,0.847712,95.2,0.6724
1674,1,1819.44,15703.24,0.094153,0.07471004948216016,0.548287,93.7,0.6828
1675,1,1820.1,15698.49,0.068297,0.07470908182622638,0.938435,96.9,0.6601
1676,1,1820.76,15693.75,0.068473,0.07470811256464678,0.4499,96.7,0.6616
1677,1,1821.44,15689.14,0.095436,0.07470714169746362,0.366027,94.6,0.6763
1678,1,1822.11,15684.46,0.088403,0.07470616922471923,0.423846,95.9,0.6672
1679,1,1822.77,15679.74,0.109629,0.07470519514645599,0.68518,96.6,0.6623
1680,1,1823.44,15675.04,0.058053,0.07470421946271635,0.630165,96.4,0.6637
1681,1,1824.12,15670.47,0.089427,0.07470324217354288,0.609869,95.0,0.6737
1682,1,1824.78,15665.81,0.086376,0.07470226327897815,0.558931,95.9,0.6674
1683,1,1825.45,15661.17,0.112027,0.07470128277906485,0.45471,95.6,0.6695
1684,1,1826.15,15656.72,0.055542,0.0747003006738457,0.427261,92.6,0.691
1685,1,1826.82,15652.07,0.091037,0.07469931696336352,0.489915,96.0,0.6663
1686,1,1827.54,15647.87,0.085867,0.07469833164766118,0.490986,89.0,0.7193
1687,1,1828.21,15643.31,0.109263,0.07469734472678166,0.425467,94.7,0.6755
1688,1,1828.89,15638.78,0.091797,0.07469635620076796,0.735147,94.3,0.6787
1689,1,1829.57,15634.25,0.096969,0.07469536606966319,1.141136,94.2,0.6792
1690,1,1830.25,15629.66,0.067688,0.07469437433351049,0.985675,95.4,0.6706
1691,1,1830.97,15625.46,0.104273,0.07469338099235309,0.762085,89.3,0.7169
1692,1,1831.73,15621.66,0.159355,0.07469238604623431,1.43419,84.0,0.7621
1693,1,1832.46,15617.62,0.122457,0.0746913894951975,0.958344,87.1,0.7351
1694,1,1833.19,15613.49,0.087938,0.07469039133928614,0.487623,88.5,0.723
1695,1,1833.88,15609.11,0.117588,0.07468939157854369,0.557302,92.4,0.6929
1696,1,1834.56,15604.61,0.102936,0.07468839021301375,0.389662,94.3,0.6784
1697,1,1835.23,15600.04,0.097152,0.07468738724273999,0.668121,95.5,0.6703
1698,1,1836.08,15596.91,0.088442,0.07468638266776609,0.692595,76.2,0.8396
1699,1,1836.76,15592.5,0.103438,0.07468537648813588,0.474031,93.1,0.6878
1700,1,1837.44,15587.97,0.116238,0.07468436870389321,0.51304,95.1,0.673
1701,1,1838.11,15583.43,0.081719,0.074683359315082,0.472456,96.4,0.664
1702,1,1838.79,15578.92,0.105494,0.07468234832174626,0.465004,94.8,0.6749
1703,1,1839.46,15574.35,0.166579,0.07468133572393006,0.59868,96.0,0.667
1704,1,1840.12,15569.78,0.120017,0.07468032152167753,0.460481,96.0,0.6668
1705,1,1840.79,15565.16,0.094384,0.0746793057150329,0.417848,96.9,0.6603
1706,1,1841.48,15560.8,0.067747,0.07467828830404044,0.360981,92.8,0.6897
1707,1,1842.15,15556.3,0.108463,0.07467726928874449,0.606853,95.1,0.6732
1708,1,1842.82,15551.78,0.087926,0.07467624866918948,0.925495,95.5,0.67
1709,1,1843.5,15547.3,0.143196,0.0746752264454199,0.932801,94.8,0.6752
1710,1,1844.19,15542.93,0.109965,0.07467420261748033,0.511388,93.4,0.6856
1711,1,1844.86,15538.44,0.113583,0.07467317718541536,0.511057,95.3,0.6719
1712,1,1845.54,15534.0,0.112784,0.07467215014926971,0.532387,94.5,0.6776
1713,1,1846.22,15529.62,0.100472,0.07467112150908815,0.885173,93.6,0.684
1714,1,1846.88,15525.03,0.088703,0.07467009126491553,0.611663,97.2,0.6585
1715,1,1847.56,15520.56,0.143761,0.07466905941679675,0.592989,95.1,0.6729
1716,1,1848.24,15516.13,0.074894,0.07466802596477679,0.391347,94.6,0.6766
1717,1,1848.91,15511.67,0.103269,0.07466699090890068,0.41571,95.2,0.6723
1718,1,1849.58,15507.19,0.091975,0.07466595424921357,0.977971,95.5,0.6702
1719,1,1850.25,15502.71,0.171766,0.07466491598576064,1.216488,95.6,0.6694
1720,1,1850.97,15498.66,0.122713,0.07466387611858714,0.716267,88.9,0.72
1721,1,1851.69,15494.55,0.077121,0.0746628346477384,0.694169,91.2,0.7017
1722,1,1852.35,15490.02,0.080617,0.07466179157325983,0.424667,96.9,0.6607
1723,1,1853.01,15485.51,0.124978,0.0746607468951969,0.373514,96.4,0.6636
1724,1,1853.68,15481.05,0.127281,0.07465970061359513,0.499365,95.7,0.6689
1725,1,1854.37,15476.77,0.119232,0.07465865272850015,0.42904,92.8,0.6899
1726,1,1855.05,15472.33,0.108927,0.07465760323995763,0.359144,95.6,0.6697
1727,1,1855.71,15467.83,0.153331,0.07465655214801332,0.728571,96.7,0.662
1728,1,1856.37,15463.35,0.054599,0.07465549945271303,0.455132,96.3,0.6645
1729,1,1857.05,15458.99,0.113057,0.07465444515410266,0.597017,94.3,0.6787
1730,1,1857.72,15454.53,0.092675,0.07465338925222817,0.992123,96.0,0.6665
1731,1,1858.4,15450.14,0.119482,0.07465233174713558,1.120826,95.1,0.6733
1732,1,1859.06,15445.63,0.142313,0.07465127263887097,0.943278,97.1,0.6589
1733,1,1859.74,15441.31,0.096753,0.07465021192748056,0.49853,94.0,0.6809
1734,1,1860.44,15437.14,0.125845,0.07464914961301053,0.399764,91.7,0.6981
1735,1,1861.11,15432.72,0.091956,0.07464808569550724,0.460625,95.7,0.6688
1736,1,1861.78,15428.29,0.147308,0.07464702017501702,0.508012,96.1,0.6657
1737,1,1862.44,15423.85,0.085741,0.07464595305158635,0.495282,96.3,0.6643
1738,1,1863.11,15419.41,0.075744,0.07464488432526173,0.845927,96.5,0.6632
1739,1,1863.77,15414.98,0.112663,0.07464381399608976,0.362885,96.2,0.6654
1740,1,1864.43,15410.52,0.109014,0.07464274206411707,0.56151,97.0,0.6598
1741,1,1865.11,15406.21,0.0396,0.07464166852939043,0.298574,95.5,0.6705
1742,1,1865.78,15401.81,0.112938,0.0746405933919566,0.69596,96.0,0.667
1743,1,1866.46,15397.51,0.097154,0.07463951665186246,0.732049,94.3,0.6787
1744,1,1867.13,15393.13,0.13667,0.07463843830915494,0.826145,95.8,0.6683
1745,1,1867.82,15388.89,0.136157,0.07463735836388107,0.995833,93.4,0.6851
1746,1,1868.49,15384.53,0.151814,0.0746362768160879,1.031937,95.7,0.669
1747,1,1869.15,15380.08,0.069287,0.07463519366582258,0.486361,97.1,0.6594
1748,1,1869.82,15375.77,0.100819,0.07463410891313234,0.798535,95.1,0.6731
1749,1,1870.56,15371.92,0.137158,0.07463302255806445,0.515791,87.7,0.7301
1750,1,1871.22,15367.52,0.066177,0.07463193460066626,0.790366,96.6,0.6627
1751,1,1871.96,15363.74,0.085481,0.07463084504098523,0.448544,86.9,0.7369
1752,1,1872.81,15360.86,0.084691,0.07462975387906882,0.506307,75.5,0.8474
1753,1,1873.52,15356.88,0.118397,0.07462866111496462,0.348757,89.9,0.7121
1754,1,1874.19,15352.5,0.110425,0.07462756674872026,0.605682,96.4,0.6641
1755,1,1874.88,15348.41,0.07958,0.07462647078038342,0.596715,91.8,0.6973
1756,1,1875.55,15344.02,0.107138,0.07462537321000191,0.744123,96.7,0.6617
1757,1,1876.22,15339.7,0.079417,0.07462427403762353,0.491426,95.5,0.6698
1758,1,1876.88,15335.29,0.112696,0.07462317326329625,0.498585,97.4,0.6572
1759,1,1877.54,15330.93,0.099287,0.07462207088706801,0.635379,96.7,0.6621
1760,1,1878.22,15326.68,0.093032,0.0746209669089869,0.667678,94.8,0.675
1761,1,1878.91,15322.53,0.12994,0.074619861329101,0.50978,93.6,0.6838
1762,1,1879.67,15318.98,0.095822,0.07461875414745854,0.406049,84.1,0.7613
1763,1,1880.43,15315.42,0.057497,0.07461764536410777,0.640321,84.4,0.7587
1764,1,1881.1,15311.12,0.123923,0.07461653497909702,1.091639,95.8,0.6684
1765,1,1881.76,15306.78,0.11858,0.07461542299247471,0.749823,96.6,0.6629
1766,1,1882.44,15302.52,0.09854,0.0746143094042893,0.517235,95.1,0.6727
1767,1,1883.1,15298.19,0.0911,0.07461319421458933,0.388627,96.6,0.6626
1768,1,1883.77,15293.89,0.142569,0.07461207742342342,0.463568,96.1,0.6662
1769,1,1884.44,15289.61,0.08839,0.07461095903084024,0.490079,95.9,0.667
1770,1,1885.1,15285.25,0.12353,0.07460983903688856,0.414401,97.2,0.6586
1771,1,1885.76,15280.93,0.142749,0.07460871744161718,0.685346,96.7,0.6616
1772,1,1886.43,15276.67,0.08393,0.07460759424507502,0.681385,95.6,0.6692
1773,1,1887.1,15272.45,0.094174,0.07460646944731102,0.538509,95.1,0.6732
1774,1,1887.76,15268.11,0.163567,0.0746053430483742,1.005655,97.1,0.6591
1775,1,1888.44,15263.9,0.134079,0.07460421504831369,0.644597,95.1,0.6729
1776,1,1889.11,15259.68,0.159228,0.07460308544717865,0.558262,95.2,0.6725
1777,1,1889.79,15255.5,0.127776,0.07460195424501832,0.531516,94.6,0.6765
1778,1,1890.46,15251.26,0.077923,0.07460082144188201,0.478371,95.7,0.6688
1779,1,1891.13,15247.07,0.123001,0.0745996870378191,0.516953,95.0,0.6736
1780,1,1891.81,15242.92,0.08327,0.07459855103287906,0.419215,94.4,0.6782
1781,1,1892.49,15238.78,0.065729,0.07459741342711139,0.4312,95.2,0.6724
1782,1,1893.16,15234.56,0.080368,0.07459627422056567,0.794426,95.7,0.6687
1783,1,1893.84,15230.35,0.1148,0.07459513341329158,0.948844,95.6,0.6696
1784,1,1894.49,15226.05,0.108331,0.07459399100533882,0.367026,97.4,0.6572
1785,1,1895.17,15221.87,0.107352,0.07459284699675722,0.413197,95.0,0.6734
1786,1,1895.86,15217.81,0.09737,0.07459170138759665,0.485586,93.2,0.6867
1787,1,1896.52,15213.58,0.111426,0.07459055417790703,0.439208,96.2,0.6653
1788,1,1897.22,15209.62,0.061689,0.07458940536773837,0.399803,91.7,0.6977
1789,1,1897.89,15205.39,0.128094,0.07458825495714075,0.676771,96.2,0.665
1790,1,1898.57,15201.31,0.11733,0.07458710294616432,0.553616,93.8,0.6826
1791,1,1899.25,15197.18,0.083797,0.0745859493348593,1.247817,94.8,0.6752
1792,1,1899.94,15193.14,0.134642,0.07458479412327598,1.001107,93.2,0.6865
1793,1,1900.61,15188.96,0.094071,0.07458363731146472,0.478445,95.7,0.6688
1794,1,1901.27,15184.74,0.075095,0.07458247889947593,0.49925,96.6,0.6629
1795,1,1901.95,15180.6,0.085408,0.07458131888736014,0.484426,95.0,0.6735
1796,1,1902.61,15176.39,0.131954,0.07458015727516787,0.450687,96.6,0.6626
1797,1,1903.27,15172.16,0.144264,0.07457899406294978,0.49271,96.9,0.6608
1798,1,1903.94,15167.95,0.112126,0.07457782925075658,0.680896,96.6,0.6625
1799,1,1904.62,15163.88,0.081913,0.07457666283863904,0.535262,94.3,0.6785
1800,1,1905.28,15159.67,0.072824,0.074575494826648,0.451773,96.6,0.6625
1801,1,1932.81,15369.07,0.112249,0.0745743252148344,0.723876,91.0,0.7035
1802,1,1933.47,15364.77,0.103434,0.07457315400324918,0.506384,96.2,0.6655
1803,1,1934.13,15360.41,0.098845,0.07457198119194343,0.63843,97.1,0.6588
1804,1,1934.79,15356.09,0.113348,0.07457080678096828,0.753782,96.8,0.6613
1805,1,1935.46,15351.78,0.099342,0.0745696307703749,0.77705,96.4,0.6638
1806,1,1936.24,15348.37,0.101891,0.07456845316021456,0.602769,82.5,0.7756
1807,1,1937.04,15345.15,0.108645,0.0745672739505386,0.338989,80.1,0.7994
1808,1,1937.71,15340.95,0.098873,0.07456609314139842,0.600699,94.8,0.6753
1809,1,1938.41,15336.91,0.107041,0.0745649107328455,0.431355,92.0,0.6957
1810,1,1939.09,15332.74,0.100605,0.07456372672493138,0.461889,94.4,0.6781
1811,1,1939.77,15328.54,0.084274,0.07456254111770766,0.436334,94.9,0.6741
1812,1,1940.45,15324.38,0.02467,0.07456135391122604,0.315281,94.3,0.6785
1813,1,1941.12,15320.21,0.072935,0.07456016510553824,0.689374,94.5,0.6771
1814,1,1941.8,15316.01,0.096448,0.07455897470069613,1.069712,95.2,0.6721
1815,1,1942.46,15311.74,0.084468,0.07455778269675156,0.841346,96.5,0.6633
1816,1,1943.13,15307.51,0.098313,0.07455658909375651,0.403169,96.2,0.6654
1817,1,1943.82,15303.42,0.076567,0.07455539389176301,0.440066,93.4,0.6854
1818,1,1944.5,15299.31,0.123159,0.07455419709082316,0.587354,93.8,0.682
1819,1,1945.18,15295.13,0.050746,0.07455299869098912,0.383256,95.1,0.6732
1820,1,1945.86,15291.06,0.103622,0.07455179869231314,0.488429,93.2,0.6865
1821,1,1946.58,15287.25,0.09257,0.07455059709484753,0.426725,89.6,0.714
1822,1,1947.3,15283.4,0.071401,0.07454939389864466,0.453575,90.0,0.7113
1823,1,1948.26,15281.48,0.092316,0.074548189103757,0.353814,66.8,0.9574
1824,1,1949.41,15281.04,0.132241,0.07454698271023705,0.524301,55.8,1.148
1825,1,1950.33,15278.84,0.129166,0.07454577471813739,0.56957,69.4,0.9224
1826,1,1951.0,15274.63,0.10861,0.0745445651275107,0.512316,96.1,0.6656
1827,1,1951.67,15270.47,0.136891,0.0745433539384097,0.8648,95.3,0.6716
1828,1,1952.35,15266.34,0.100925,0.07454214115088718,1.1634,94.7,0.6761
1829,1,1953.1,15262.83,0.108028,0.07454092676499602,0.602861,84.8,0.7544
1830,1,1953.87,15259.44,0.08776,0.07453971078078914,0.677448,83.3,0.7683
1831,1,1954.53,15255.19,0.095886,0.07453849319831954,0.651083,97.1,0.6589
1832,1,1955.22,15251.16,0.05322,0.07453727401764032,0.86962,93.2,0.6865
1833,1,1956.08,15248.45,0.103088,0.07453605323880463,0.871918,74.8,0.8558
1834,1,1956.75,15244.32,0.131456,0.07453483086186567,0.659356,95.3,0.6717
1835,1,1957.43,15240.21,0.087669,0.07453360688687673,0.454985,94.8,0.6752
1836,1,1958.11,15236.13,0.126689,0.07453238131389116,1.143465,94.4,0.6782
1837,1,1958.78,15231.98,0.075157,0.07453115414296238,0.674426,95.8,0.6681
1838,1,1959.46,15227.94,0.106542,0.0745299253741439,0.782849,93.7,0.6827
1839,1,1960.16,15224.02,0.127787,0.07452869500748925,0.445227,91.8,0.6972
1840,1,1960.83,15219.87,0.072266,0.0745274630430521,0.368541,95.9,0.6672
1841,1,1961.62,15216.69,0.087166,0.07452622948088615,0.679054,81.4,0.7866
1842,1,1962.31,15212.71,0.069986,0.07452499432104516,0.448505,93.1,0.6877
1843,1,1962.97,15208.52,0.107363,0.07452375756358297,0.927373,96.8,0.6611
1844,1,1963.64,15204.36,0.163733,0.07452251920855349,0.923509,96.3,0.6649
1845,1,1964.32,15200.3,0.082219,0.07452127925601071,0.625168,94.7,0.6762
1846,1,1964.99,15196.23,0.129895,0.07452003770600868,0.666596,94.8,0.6751
1847,1,1965.66,15192.06,0.059462,0.07451879455860153,0.554859,97.0,0.66
1848,1,1966.32,15187.92,0.080344,0.07451754981384343,0.457063,96.3,0.6646
1849,1,1966.99,15183.83,0.080809,0.07451630347178864,0.523594,95.3,0.6717
1850,1,1967.69,15179.95,0.097137,0.07451505553249152,0.497082,91.8,0.6975
1851,1,1968.36,15175.84,0.100392,0.07451380599600645,0.603664,96.0,0.6666
1852,1,1969.05,15171.88,0.06357,0.07451255486238789,0.522115,93.3,0.6863
1853,1,1969.72,15167.8,0.114467,0.0745113021316904,0.457951,95.6,0.6691
1854,1,1970.39,15163.69,0.161946,0.07451004780396857,0.799428,96.0,0.6668
1855,1,1971.1,15159.92,0.134301,0.07450879187927707,1.286575,90.3,0.7087
1856,1,1971.86,15156.57,0.119722,0.07450753435767067,0.346684,83.8,0.7642
1857,1,1972.59,15152.97,0.062196,0.07450627523920418,0.350151,87.6,0.7307
1858,1,1973.29,15149.1,0.093696,0.07450501452393248,0.413949,92.1,0.6948
1859,1,1974.1,15146.11,0.079974,0.07450375221191052,0.52908,79.1,0.8088
1860,1,1974.76,15141.98,0.116242,0.07450248830319335,0.542093,97.0,0.6599
1861,1,1975.48,15138.26,0.137823,0.07450122279783605,0.662746,90.5,0.7072
1862,1,1976.2,15134.63,0.065411,0.0744999556958938,0.386809,88.2,0.7254
1863,1,1976.87,15130.51,0.160137,0.0744986869974218,1.11356,96.9,0.6603
1864,1,1977.53,15126.42,0.114509,0.0744974167024754,0.791573,96.4,0.6642
1865,1,1978.22,15122.54,0.112525,0.07449614481110993,0.686886,92.6,0.6913
1866,1,1978.9,15118.51,0.08906,0.07449487132338085,0.527274,95.5,0.6704
1867,1,1979.58,15114.61,0.125772,0.07449359623934368,0.683632,93.2,0.6867
1868,1,1980.25,15110.57,0.126893,0.074492319559054,0.474305,95.7,0.6688
1869,1,1980.93,15106.61,0.09413,0.07449104128256746,0.568315,94.2,0.6791
1870,1,1981.61,15102.6,0.080998,0.07448976140993978,0.686439,95.3,0.6717
1871,1,1982.27,15098.52,0.085668,0.07448847994122676,0.464014,96.8,0.6612
1872,1,1982.95,15094.56,0.131758,0.07448719687648425,0.590322,94.5,0.677
1873,1,1983.62,15090.58,0.080891,0.07448591221576818,0.444932,94.8,0.675
1874,1,1984.34,15086.94,0.158838,0.07448462595913456,0.785632,89.1,0.7179
1875,1,1985.02,15082.98,0.146575,0.07448333810663946,0.850906,94.6,0.6762
1876,1,1985.69,15078.99,0.146101,0.07448204865833902,0.638568,95.4,0.6708
1877,1,1986.36,15074.92,0.12855,0.07448075761428942,0.751133,96.9,0.6607
1878,1,1987.03,15070.95,0.102213,0.07447946497454698,1.157353,95.2,0.6723
1879,1,1987.7,15066.97,0.126569,0.07447817073916801,0.963711,95.2,0.6722
1880,1,1988.36,15062.91,0.13781,0.07447687490820896,0.62264,96.9,0.6603
1881,1,1989.04,15058.98,0.080623,0.07447557748172631,0.708945,95.4,0.6712
1882,1,1989.71,15054.99,0.070574,0.07447427845977661,0.461087,95.7,0.6686
1883,1,1990.43,15051.4,0.104203,0.07447297784241648,0.721964,88.7,0.7214
1884,1,1991.15,15047.74,0.119864,0.07447167562970261,0.871368,90.0,0.7114
1885,1,1991.81,15043.72,0.085752,0.07447037182169178,0.4626,96.3,0.6643
1886,1,1992.5,15039.91,0.116116,0.07446906641844082,1.092197,92.8,0.6898
1887,1,1993.18,15035.97,0.139406,0.07446775942000665,0.585956,95.0,0.6734
1888,1,1993.85,15032.0,0.086758,0.07446645082644622,0.677141,95.8,0.6682
1889,1,1994.61,15028.72,0.096358,0.07446514063781658,0.536805,84.2,0.76
1890,1,1995.27,15024.73,0.063762,0.07446382885417485,0.767595,96.3,0.6645
1891,1,1995.93,15020.7,0.084845,0.07446251547557821,1.038808,97.0,0.66
1892,1,1996.6,15016.74,0.089619,0.07446120050208391,0.949746,95.9,0.6671
1893,1,1997.47,15014.28,0.110845,0.07445988393374925,0.838377,73.8,0.8673
1894,1,1998.16,15010.5,0.058087,0.07445856577063166,0.512963,92.5,0.6916
1895,1,1998.85,15006.68,0.11061,0.07445724601278858,0.803638,93.5,0.6845
1896,1,1999.78,15004.69,0.156834,0.07445592466027755,1.010587,69.1,0.9265
1897,1,2000.63,15002.12,0.08263,0.07445460171315615,0.439165,75.3,0.8502
1898,1,2001.47,14999.44,0.155057,0.07445327717148206,1.716912,77.0,0.8308
1899,1,2002.38,14997.29,0.206416,0.07445195103531303,1.990254,70.6,0.9067
1900,1,2003.22,14994.65,0.164033,0.07445062330470685,0.637599,76.1,0.8409
1901,1,2004.2,14993.05,0.078478,0.07444929397972141,0.508304,66.2,0.9673
1902,1,2005.1,14990.78,0.078336,0.07444796306041465,0.736839,72.1,0.8882
1903,1,2006.06,14989.04,0.084474,0.07444663054684458,1.11958,66.6,0.961
1904,1,2007.0,14987.18,0.10846,0.0744452964390693,0.881155,67.7,0.9451
1905,1,2007.95,14985.34,0.105165,0.07444396073714696,0.51005,67.7,0.9453
1906,1,2008.73,14982.22,0.086296,0.07444262344113578,0.51834,82.7,0.7743
1907,1,2009.57,14979.58,0.098019,0.07444128455109406,0.471416,76.3,0.8384
1908,1,2010.44,14977.14,0.105444,0.07443994406708017,0.875029,74.0,0.8654
1909,1,2011.34,14974.95,0.080254,0.07443860198915253,0.545967,71.1,0.9
1910,1,2012.07,14971.5,0.089877,0.07443725831736965,0.477723,87.7,0.7299
1911,1,2013.01,14969.59,0.075539,0.0744359130517901,0.484677,68.3,0.9375
1912,1,2013.97,14967.87,0.088521,0.07443456619247253,0.707498,67.1,0.9537
1913,1,2014.83,14965.37,0.098934,0.07443321773947564,0.64612,75.0,0.8539
1914,1,2015.74,14963.24,0.149547,0.07443186769285823,0.511214,70.7,0.9053
1915,1,2016.63,14960.98,0.103658,0.07443051605267911,0.619697,72.0,0.8893
1916,1,2017.55,14958.94,0.127688,0.07442916281899725,0.625329,69.8,0.9165
1917,1,2018.34,14955.92,0.08417,0.07442780799187161,0.620875,81.5,0.7854
1918,1,2019.03,14952.19,0.125886,0.07442645157136124,0.932595,92.7,0.6903
1919,1,2019.71,14948.34,0.112953,0.0744250935575253,0.742577,95.0,0.6739
1920,1,2020.41,14944.74,0.132307,0.07442373395042297,0.436352,90.8,0.7051
1921,1,2021.09,14940.92,0.106202,0.07442237275011351,0.421884,95.5,0.6704
1922,1,2021.78,14937.15,0.110892,0.07442100995665626,0.538168,93.6,0.684
1923,1,2022.46,14933.37,0.077381,0.07441964557011065,0.403496,94.0,0.6809
1924,1,2023.13,14929.52,0.126407,0.07441827959053611,1.198216,95.4,0.6707
1925,1,2023.82,14925.77,0.141632,0.07441691201799222,0.80212,93.6,0.684
1926,1,2024.49,14921.94,0.049692,0.07441554285253858,0.404096,95.1,0.673
1927,1,2025.17,14918.13,0.132674,0.07441417209423488,0.588012,94.7,0.6756
1928,1,2025.87,14914.54,0.103534,0.07441279974314087,0.492833,90.9,0.7042
1929,1,2026.58,14910.93,0.130082,0.07441142579931638,0.595545,91.2,0.7015
1930,1,2027.24,14907.06,0.14729,0.07441005026282128,0.485147,96.1,0.6662
1931,1,2027.91,14903.2,0.057569,0.07440867313371555,0.516162,96.1,0.6661
1932,1,2028.64,14899.79,0.127677,0.07440729441205922,0.693704,87.8,0.7286
1933,1,2029.31,14895.94,0.066108,0.07440591409791239,0.394322,96.1,0.6663
1934,1,2030.03,14892.47,0.115333,0.07440453219133523,0.42063,89.1,0.7186
1935,1,2030.7,14888.62,0.111349,0.07440314869238797,0.833621,96.0,0.6665
1936,1,2031.36,14884.76,0.112488,0.07440176360113093,1.338805,96.1,0.6658
1937,1,2032.05,14881.06,0.118708,0.0744003769176245,1.24254,93.4,0.6849
1938,1,2032.75,14877.43,0.075364,0.07439898864192908,0.673657,92.0,0.6957
1939,1,2033.42,14873.63,0.14761,0.07439759877410523,0.584474,95.2,0.6722
1940,1,2034.1,14869.88,0.139123,0.07439620731421352,0.538807,94.6,0.6767
1941,1,2034.8,14866.29,0.073469,0.07439481426231462,0.567659,92.5,0.6919
1942,1,2035.5,14862.71,0.072013,0.07439341961846922,0.346699,91.5,0.6994
1943,1,2036.25,14859.46,0.112199,0.07439202338273815,0.787922,85.8,0.7457
1944,1,2036.99,14856.18,0.054153,0.07439062555518226,0.87028,86.4,0.7406
1945,1,2037.71,14852.74,0.132586,0.07438922613586249,0.678807,89.1,0.7183
1946,1,2038.38,14848.93,0.126633,0.07438782512483985,0.53212,95.9,0.6676
1947,1,2039.05,14845.17,0.049345,0.07438642252217538,0.446909,95.1,0.6729
1948,1,2039.72,14841.38,0.131912,0.07438501832793025,0.698123,95.8,0.6683
1949,1,2040.42,14837.78,0.092976,0.07438361254216566,0.602771,92.0,0.6953
1950,1,2041.09,14834.0,0.119589,0.0743822051649429,1.105754,95.7,0.6685
1951,1,2041.76,14830.23,0.104165,0.0743807961963233,0.716452,95.4,0.6712
1952,1,2042.43,14826.46,0.110179,0.0743793856363683,0.549496,95.5,0.6702
1953,1,2043.1,14822.7,0.123382,0.07437797348513936,0.479425,95.7,0.6686
1954,1,2043.82,14819.28,0.081745,0.07437655974269808,0.665865,89.2,0.7176
1955,1,2044.49,14815.46,0.091963,0.07437514440910604,1.240892,96.7,0.6616
1956,1,2045.16,14811.74,0.122239,0.07437372748442497,0.431517,94.7,0.6758
1957,1,2045.84,14808.05,0.080767,0.07437230896871663,1.056738,94.3,0.6785
1958,1,2046.56,14804.66,0.110919,0.07437088886204284,1.46665,89.1,0.7186
1959,1,2047.23,14800.86,0.161839,0.0743694671644655,0.675397,96.4,0.6637
1960,1,2047.91,14797.21,0.068405,0.07436804387604662,0.508672,93.9,0.6819
1961,1,2048.67,14794.08,0.124031,0.07436661899684821,1.088792,85.8,0.746
1962,1,2049.41,14790.87,0.096201,0.0743651925269324,0.926906,86.2,0.7427
1963,1,2050.32,14788.82,0.035591,0.07436376446636137,0.297976,70.8,0.9045
1964,1,2051.17,14786.41,0.117044,0.07436233481519734,0.854066,75.0,0.8534
1965,1,2051.93,14783.26,0.096225,0.07436090357350267,0.872156,85.2,0.7514
1966,1,2052.62,14779.67,0.081282,0.07435947074133974,1.228969,92.9,0.689
1967,1,2053.3,14776.02,0.14329,0.074358036318771,1.033954,94.1,0.6803
1968,1,2053.97,14772.3,0.123868,0.07435660030585897,0.573991,95.4,0.6711
1969,1,2054.65,14768.66,0.085658,0.07435516270266627,0.578226,94.0,0.6812
1970,1,2055.34,14765.07,0.093076,0.07435372350925556,0.368871,93.1,0.6876
1971,1,2056.02,14761.39,0.072163,0.07435228272568957,0.514202,94.9,0.6745
1972,1,2056.7,14757.75,0.112912,0.07435084035203111,0.606705,94.0,0.6806
1973,1,2057.38,14754.09,0.099722,0.07434939638834305,1.162216,94.7,0.6758
1974,1,2058.06,14750.45,0.131036,0.07434795083468834,0.9826,94.2,0.6793
1975,1,2058.73,14746.77,0.068428,0.07434650369113,0.441353,95.0,0.6737
1976,1,2059.45,14743.38,0.122451,0.0743450549577311,1.279846,90.0,0.7115
1977,1,2060.12,14739.68,0.078411,0.07434360463455479,0.793446,95.5,0.6703
1978,1,2060.8,14736.07,0.08169,0.0743421527216643,0.390489,93.8,0.6819
1979,1,2061.48,14732.47,0.030175,0.07434069921912295,0.496856,93.8,0.6823
1980,1,2062.23,14729.34,0.095416,0.07433924412699404,0.624482,85.6,0.7476
1981,1,2063.0,14726.34,0.108542,0.07433778744534102,0.612576,84.4,0.758
1982,1,2063.69,14722.78,0.093281,0.0743363291742274,0.479052,93.1,0.6875
1983,1,2064.37,14719.17,0.068664,0.07433486931371676,0.558381,94.2,0.6795
1984,1,2065.08,14715.76,0.119654,0.07433340786387271,0.587973,90.5,0.7074
1985,1,2065.77,14712.22,0.123222,0.074331944824759,0.813537,93.0,0.6881
1986,1,2066.46,14708.72,0.124285,0.07433048019643934,1.213499,92.2,0.6944
1987,1,2067.13,14704.99,0.103146,0.07432901397897763,1.061145,96.8,0.6611
1988,1,2067.82,14701.46,0.10227,0.07432754617243775,0.514281,92.9,0.6886
1989,1,2068.49,14697.85,0.071038,0.0743260767768837,0.350045,94.4,0.6778
1990,1,2069.17,14694.21,0.081488,0.07432460579237954,0.412042,95.2,0.6719
1991,1,2069.88,14690.83,0.08013,0.07432313321898938,0.440985,90.4,0.708
1992,1,2070.64,14687.8,0.09399,0.07432165905677741,0.48405,84.5,0.7575
1993,1,2071.35,14684.45,0.128007,0.0743201833058079,0.722542,89.8,0.713
1994,1,2072.02,14680.83,0.090638,0.07431870596614518,0.723614,95.1,0.6731
1995,1,2072.71,14677.26,0.054343,0.07431722703785364,0.48887,94.0,0.6808
1996,1,2073.38,14673.66,0.094893,0.07431574652099775,0.376188,94.7,0.676
1997,1,2074.07,14670.13,0.118413,0.07431426441564205,1.219925,93.5,0.6846
1998,1,2074.76,14666.64,0.113255,0.07431278072185114,1.435676,92.6,0.6911
1999,1,2075.46,14663.18,0.111427,0.07431129543968971,0.795854,92.2,0.694
2000,1,2076.13,14659.56,0.099291,0.07430980856922251,0.528404,95.3,0.6715
2001,1,2076.86,14656.31,0.091332,0.07430832011051433,0.678391,94.4,0.6776
2002,1,2077.53,14652.69,0.124581,0.07430683006363006,0.497909,95.6,0.6697
2003,1,2078.21,14649.12,0.156862,0.07430533842863467,1.010469,94.4,0.6778
2004,1,2078.89,14645.61,0.115873,0.07430384520559317,1.09453,93.6,0.6841
2005,1,2079.59,14642.18,0.114641,0.07430235039457066,0.403036,91.9,0.6966
2006,1,2080.25,14638.5,0.055787,0.07430085399563228,0.407437,96.9,0.6603
2007,1,2080.92,14634.9,0.120931,0.07429935600884328,0.417403,95.3,0.6713
2008,1,2081.61,14631.38,0.086149,0.07429785643426896,0.493529,94.0,0.681
2009,1,2082.3,14627.89,0.146349,0.07429635527197469,0.535711,93.2,0.6868
2010,1,2082.99,14624.45,0.075081,0.07429485252202589,0.595105,92.4,0.693
2011,1,2083.65,14620.8,0.057206,0.07429334818448807,0.924771,96.8,0.6614
2012,1,2084.33,14617.22,0.116157,0.07429184225942682,1.359418,95.2,0.6721
2013,1,2085.02,14613.75,0.090304,0.07429033474690779,0.957942,93.1,0.6872
2014,1,2085.68,14610.09,0.064126,0.07428882564699667,0.475566,96.9,0.6603
2015,1,2086.35,14606.49,0.067206,0.07428731495975927,0.440161,95.8,0.6683
2016,1,2087.02,14602.9,0.099951,0.07428580268526142,0.744282,95.7,0.6688
2017,1,2087.71,14599.45,0.139687,0.07428428882356905,1.040053,92.9,0.6888
2018,1,2088.38,14595.92,0.102191,0.07428277337474815,0.92856,94.6,0.6762
2019,1,2089.05,14592.33,0.108406,0.07428125633886479,0.787515,95.8,0.6682
2020,1,2089.72,14588.71,0.111185,0.07427973771598508,0.438793,96.6,0.6628
2021,1,2090.42,14585.35,0.082762,0.07427821750617523,0.968057,92.2,0.6939
2022,1,2091.09,14581.78,0.09874,0.07427669570950153,0.424614,95.6,0.6695
2023,1,2091.75,14578.13,0.103961,0.07427517232603029,1.211603,97.3,0.6581
2024,1,2092.42,14574.58,0.172954,0.07427364735582791,0.86197,95.3,0.6714
2025,1,2093.1,14571.11,0.118263,0.07427212079896088,0.462245,93.8,0.682
2026,1,2093.79,14567.67,0.151539,0.07427059265549575,0.959214,93.3,0.6859
2027,1,2094.45,14564.05,0.122789,0.07426906292549913,0.494243,96.8,0.6612
2028,1,2095.13,14560.56,0.07461,0.07426753160903769,0.817839,94.5,0.6773
2029,1,2095.82,14557.12,0.11895,0.0742659987061782,1.186291,93.3,0.6857
2030,1,2096.48,14553.51,0.146921,0.07426446421698746,0.373741,96.7,0.6615
2031,1,2097.15,14549.91,0.098799,0.07426292814153237,1.203883,96.8,0.6613
2032,1,2097.82,14546.43,0.081183,0.0742613904798799,0.948959,94.4,0.6778
2033,1,2098.5,14542.95,0.131623,0.07425985123209708,0.571673,94.4,0.6778
2034,1,2099.17,14539.38,0.098688,0.07425831039825098,0.432881,96.3,0.6647
2035,1,2099.84,14535.83,0.112949,0.0742567679784088,0.737107,96.1,0.6663
2036,1,2100.52,14532.38,0.107827,0.07425522397263776,1.045386,93.8,0.682
2037,1,2101.22,14529.04,0.183999,0.07425367838100518,0.662476,91.9,0.6965
2038,1,2101.88,14525.45,0.113919,0.07425213120357842,1.407339,97.0,0.6601
2039,1,2102.55,14521.95,0.086164,0.0742505824404249,0.692804,95.2,0.6724
2040,1,2103.25,14518.59,0.116252,0.07424903209161217,0.606951,92.4,0.6929
2041,1,2103.92,14515.09,0.104612,0.07424748015720779,0.38805,95.9,0.6671
2042,1,2104.59,14511.56,0.193145,0.07424592663727943,1.035846,96.1,0.6663
2043,1,2105.27,14508.13,0.180658,0.0742443715318948,1.542413,94.1,0.6799
2044,1,2105.94,14504.58,0.098703,0.07424281484112169,0.858411,96.4,0.6636
2045,1,2106.6,14501.02,0.125172,0.07424125656502796,0.581561,96.9,0.6603
2046,1,2107.26,14497.43,0.106527,0.07423969670368152,0.621454,97.4,0.6573
2047,1,2107.94,14494.04,0.09458,0.07423813525715041,0.767352,93.4,0.685
2048,1,2108.62,14490.59,0.079581,0.07423657222550266,0.752135,94.6,0.6767
2049,1,2109.29,14487.05,0.086171,0.0742350076088064,0.580272,96.4,0.6639
2050,1,2110.08,14484.4,0.131351,0.07423344140712984,0.574608,81.0,0.79
2051,1,2110.95,14482.31,0.080227,0.07423187362054127,0.760412,73.3,0.8736
2052,1,2111.98,14481.26,0.136971,0.07423030424910901,0.820971,62.4,1.026
2053,1,2112.97,14479.99,0.144204,0.07422873329290149,0.436516,64.6,0.9911
2054,1,2114.1,14479.63,0.125003,0.07422716075198717,0.646736,56.8,1.1271
2055,1,2115.1,14478.39,0.138091,0.07422558662643461,0.609589,64.3,0.9961
2056,1,2116.21,14477.93,0.08416,0.07422401091631242,0.749544,57.6,1.1116
2057,1,2117.15,14476.29,0.073865,0.0742224336216893,0.455122,68.2,0.9387
2058,1,2118.0,14474.05,0.153332,0.07422085474263403,0.503543,75.3,0.8495
2059,1,2118.94,14472.38,0.105489,0.07421927427921537,0.414782,68.6,0.9329
2060,1,2119.81,14470.3,0.121408,0.07421769223150226,0.510444,73.3,0.8734
2061,1,2120.88,14469.51,0.102926,0.07421610859956367,0.608298,60.7,1.0545
2062,1,2121.77,14467.58,0.143025,0.0742145233834686,0.38147,71.6,0.8936
2063,1,2122.58,14465.06,0.141262,0.07421293658328619,0.440859,79.1,0.8095
2064,1,2123.46,14462.99,0.081494,0.07421134819908558,0.488439,73.2,0.8742
2065,1,2124.24,14460.24,0.152774,0.07420975823093602,0.482489,82.7,0.7736
2066,1,2125.06,14457.8,0.081746,0.07420816667890681,0.451529,78.0,0.8203
2067,1,2125.78,14454.67,0.063839,0.07420657354306735,0.641322,89.0,0.7189
2068,1,2126.46,14451.32,0.094986,0.07420497882348707,0.771831,93.4,0.6849
2069,1,2127.15,14447.95,0.119036,0.07420338252023549,0.566629,93.8,0.6822
2070,1,2127.82,14444.49,0.120265,0.07420178463338219,0.933426,95.8,0.668
2071,1,2128.5,14441.14,0.097627,0.07420018516299683,0.475789,93.4,0.6853
2072,1,2129.18,14437.7,0.112714,0.07419858410914912,0.688384,95.4,0.6709
2073,1,2129.84,14434.25,0.126453,0.07419698147190887,0.59844,95.8,0.6681
2074,1,2130.51,14430.78,0.092139,0.07419537725134592,0.363183,96.0,0.6663
2075,1,2131.2,14427.43,0.08416,0.07419377144753023,0.51673,93.8,0.6822
2076,1,2131.86,14423.97,0.131505,0.07419216406053178,0.513324,96.0,0.6664
2077,1,2132.54,14420.57,0.1195,0.07419055509042063,0.860312,94.9,0.6742
2078,1,2133.21,14417.13,0.153522,0.07418894453726696,0.597541,95.6,0.6695
2079,1,2133.88,14413.71,0.093042,0.07418733240114092,0.931254,95.7,0.6689
2080,1,2134.54,14410.21,0.123113,0.07418571868211281,1.442261,97.1,0.6591
2081,1,2135.21,14406.74,0.135761,0.07418410338025298,0.830352,97.3,0.6576
2082,1,2135.88,14403.33,0.100988,0.07418248649563185,0.488583,95.4,0.671
2083,1,2136.57,14400.04,0.101965,0.07418086802831987,0.465681,92.9,0.6889
2084,1,2137.26,14396.78,0.13423,0.07417924797838762,0.461307,92.4,0.6927
2085,1,2137.96,14393.53,0.084933,0.0741776263459057,0.399997,92.2,0.694
2086,1,2138.65,14390.25,0.135836,0.07417600313094483,1.039315,93.0,0.6883
2087,1,2139.4,14387.37,0.151341,0.07417437833357572,1.004054,85.5,0.7482
2088,1,2140.23,14385.05,0.074992,0.07417275195386924,1.402978,77.1,0.8305
2089,1,2140.96,14382.07,0.147506,0.07417112399189628,1.32383,87.4,0.7323
2090,1,2141.72,14379.26,0.094632,0.07416949444772777,0.91488,84.4,0.7583
2091,1,2142.8,14378.6,0.080864,0.07416786332143478,0.454571,59.5,1.0757
2092,1,2143.74,14377.0,0.122636,0.07416623061308841,0.677214,68.3,0.9375
2093,1,2144.68,14375.39,0.130504,0.07416459632275982,0.617754,68.4,0.9359
2094,1,2145.57,14373.5,0.079621,0.07416296045052026,0.420689,71.7,0.8929
2095,1,2146.46,14371.55,0.092008,0.07416132299644103,0.45158,72.2,0.8861
2096,1,2147.32,14369.44,0.102077,0.07415968396059351,0.5716,74.4,0.8601
2097,1,2148.09,14366.67,0.115159,0.07415804334304917,0.433322,84.0,0.7622
2098,1,2148.76,14363.33,0.098013,0.07415640114387947,0.532374,94.5,0.6771
2099,1,2149.43,14359.9,0.110236,0.07415475736315606,0.727933,96.7,0.6621
2100,1,2150.11,14356.59,0.114281,0.07415311200095055,0.828873,94.3,0.6786
2101,1,2191.55,14625.29,0.139121,0.0741514650573347,0.974544,93.2,0.6866
2102,1,2192.21,14621.7,0.156665,0.07414981653238029,0.598823,97.0,0.6601
2103,1,2192.88,14618.13,0.103872,0.07414816642615915,0.523181,96.8,0.6613
2104,1,2193.54,14614.55,0.09686,0.07414651473874326,0.941043,96.8,0.6614
2105,1,2194.22,14611.1,0.101206,0.07414486147020459,0.422212,94.2,0.6792
2106,1,2194.88,14607.53,0.080433,0.0741432066206152,1.05494,96.8,0.6613
2107,1,2195.54,14603.96,0.102254,0.07414155019004726,0.943711,96.8,0.6613
2108,1,2196.21,14600.41,0.094955,0.07413989217857295,0.519333,96.5,0.6634
2109,1,2196.9,14597.06,0.093299,0.07413823258626454,0.351834,92.3,0.6931
2110,1,2197.58,14593.6,0.145716,0.0741365714131944,0.539409,94.7,0.6757
2111,1,2198.25,14590.12,0.127608,0.07413490865943492,0.446037,95.1,0.6728
2112,1,2198.92,14586.58,0.152429,0.07413324432505858,0.472974,96.5,0.663
2113,1,2199.59,14583.11,0.086932,0.07413157841013794,0.340696,95.0,0.6738
2114,1,2200.27,14579.62,0.070976,0.07412991091474563,0.600478,95.6,0.6698
2115,1,2200.94,14576.17,0.13114,0.07412824183895433,0.420921,94.6,0.6762
2116,1,2201.62,14572.75,0.104823,0.07412657118283679,0.741717,94.4,0.6782
2117,1,2202.29,14569.25,0.12579,0.07412489894646583,0.614774,95.7,0.6684
2118,1,2202.97,14565.83,0.050817,0.07412322512991436,0.608573,94.4,0.6781
2119,1,2203.65,14562.4,0.104371,0.07412154973325535,0.38211,94.7,0.6757
2120,1,2204.32,14558.88,0.107887,0.07411987275656182,0.486132,96.4,0.6642
2121,1,2205.01,14555.53,0.105885,0.07411819419990687,0.611081,93.8,0.6824
2122,1,2205.68,14552.05,0.101158,0.07411651406336367,0.402453,95.7,0.6686
2123,1,2206.36,14548.65,0.103268,0.07411483234700546,0.707973,94.3,0.6789
2124,1,2207.04,14545.25,0.118459,0.07411314905090556,0.713058,94.3,0.679
2125,1,2207.71,14541.77,0.07922,0.07411146417513735,1.021655,95.8,0.6681
2126,1,2208.38,14538.32,0.114691,0.07410977771977426,1.294746,95.4,0.6711
2127,1,2209.05,14534.89,0.118224,0.07410808968488979,0.645111,95.0,0.6737
2128,1,2209.75,14531.57,0.117538,0.07410640007055755,0.81831,92.7,0.6906
2129,1,2210.42,14528.11,0.109304,0.07410470887685118,0.750882,95.7,0.6688
2130,1,2211.09,14524.65,0.111876,0.07410301610384443,0.616527,95.8,0.6682
2131,1,2211.75,14521.18,0.131155,0.07410132175161105,0.626172,96.1,0.666
2132,1,2212.43,14517.76,0.109261,0.07409962582022492,0.684422,95.1,0.673
2133,1,2213.1,14514.34,0.130626,0.07409792830975998,0.657723,95.1,0.6733
2134,1,2213.78,14510.93,0.124071,0.07409622922029019,0.490876,94.9,0.6745
2135,1,2214.45,14507.52,0.098258,0.07409452855188964,0.464095,95.0,0.674
2136,1,2215.12,14504.09,0.095496,0.07409282630463247,0.579288,95.5,0.6702
2137,1,2215.79,14500.65,0.156645,0.07409112247859287,0.742126,95.7,0.6688
2138,1,2216.48,14497.33,0.073361,0.07408941707384512,0.757457,93.2,0.6867
2139,1,2217.16,14493.96,0.107638,0.07408771009046354,1.375828,94.5,0.6775
2140,1,2217.84,14490.58,0.159907,0.07408600152852257,1.376668,94.6,0.6767
2141,1,2218.52,14487.22,0.108848,0.07408429138809669,1.250896,95.1,0.6732
2142,1,2219.2,14483.82,0.17314,0.0740825796692604,0.818074,95.0,0.6739
2143,1,2219.88,14480.5,0.125022,0.07408086637208837,0.810912,93.7,0.6831
2144,1,2220.56,14477.15,0.097622,0.07407915149665525,1.034142,94.2,0.6795
2145,1,2221.23,14473.72,0.110805,0.07407743504303582,0.64901,96.0,0.6665
2146,1,2221.9,14470.28,0.070751,0.07407571701130489,0.72972,96.1,0.6658
2147,1,2222.59,14467.05,0.113905,0.07407399740153733,1.475311,91.9,0.6961
2148,1,2223.26,14463.6,0.100817,0.07407227621380814,1.177001,96.5,0.663
2149,1,2223.99,14460.56,0.103581,0.07407055344819233,0.700949,88.2,0.7258
2150,1,2224.66,14457.2,0.096918,0.07406882910476499,1.169613,94.9,0.6747
2151,1,2225.33,14453.79,0.11354,0.0740671031836013,1.242651,95.7,0.6685
2152,1,2226.01,14450.42,0.070975,0.07406537568477647,0.792934,95.1,0.6727
2153,1,2226.67,14446.95,0.127731,0.07406364660836584,0.49062,97.2,0.6584
2154,1,2227.35,14443.63,0.138889,0.07406191595444477,1.139291,94.0,0.6807
2155,1,2228.01,14440.18,0.1372,0.07406018372308869,0.967936,97.2,0.6588
2156,1,2228.69,14436.89,0.130179,0.07405844991437312,0.585633,93.4,0.6854
2157,1,2229.36,14433.46,0.173261,0.07405671452837363,0.505712,96.8,0.6614
2158,1,2230.03,14430.06,0.09651,0.07405497756516588,0.781001,96.0,0.6668
2159,1,2230.71,14426.78,0.138832,0.07405323902482558,0.844803,93.6,0.6841
2160,1,2231.5,14424.17,0.09216,0.0740514989074285,0.842621,81.2,0.7877
2161,1,2232.19,14420.9,0.073447,0.07404975721305053,1.064071,94.0,0.6811
2162,1,2232.86,14417.53,0.128798,0.07404801394176755,0.446155,95.4,0.6706
2163,1,2233.53,14414.14,0.141239,0.07404626909365558,0.604522,96.1,0.6661
2164,1,2234.21,14410.83,0.128876,0.07404452266879069,0.916943,94.6,0.6769
2165,1,2234.88,14407.51,0.10466,0.07404277466724897,0.874016,94.5,0.6769
2166,1,2235.56,14404.2,0.130767,0.07404102508910666,0.65801,94.5,0.6769
2167,1,2236.25,14400.94,0.113901,0.07403927393444,0.511069,93.5,0.6846
2168,1,2236.91,14397.54,0.067796,0.07403752120332534,0.430368,96.6,0.6628
2169,1,2237.6,14394.27,0.122023,0.07403576689583906,0.558091,93.8,0.6825
2170,1,2238.31,14391.21,0.071121,0.07403401101205766,0.526786,89.6,0.7143
2171,1,2239.06,14388.34,0.134089,0.07403225355205766,1.399197,85.9,0.7448
2172,1,2239.77,14385.24,0.090349,0.07403049451591569,0.657582,90.5,0.7071
2173,1,2240.46,14382.07,0.113569,0.07402873390370841,0.949479,92.0,0.6958
2174,1,2241.15,14378.81,0.106029,0.07402697171551258,1.540577,93.6,0.6837
2175,1,2241.83,14375.53,0.109255,0.074025207951405,0.685383,94.5,0.6773
2176,1,2242.53,14372.41,0.129109,0.07402344261146258,0.658237,90.8,0.7048
2177,1,2243.2,14369.08,0.125778,0.07402167569576225,0.755865,95.6,0.6695
2178,1,2243.88,14365.79,0.090141,0.07401990720438105,0.697738,94.7,0.6761
2179,1,2244.55,14362.41,0.099656,0.07401813713739606,0.479042,96.6,0.6626
2180,1,2245.21,14359.06,0.108382,0.07401636549488444,0.846744,96.1,0.6662
2181,1,2245.89,14355.8,0.073015,0.07401459227692342,0.78709,94.9,0.6742
2182,1,2246.55,14352.41,0.079976,0.0740128174835903,0.453687,97.1,0.6595
2183,1,2247.21,14349.03,0.043911,0.07401104111496244,0.356049,97.0,0.6599
2184,1,2247.88,14345.7,0.07215,0.07400926317111729,0.630633,95.8,0.6682
2185,1,2248.63,14342.87,0.134322,0.07400748365213233,0.735297,85.8,0.7462
2186,1,2249.43,14340.39,0.088827,0.07400570255808515,0.602928,80.1,0.7991
2187,1,2250.23,14337.91,0.080975,0.07400391988905337,0.727504,80.0,0.7996
2188,1,2250.94,14334.84,0.088861,0.07400213564511472,0.8683,90.4,0.7076
2189,1,2251.61,14331.48,0.060322,0.07400034982634697,0.610006,96.8,0.6612
2190,1,2252.27,14328.13,0.10652,0.07399856243282797,0.618959,96.7,0.6617
2191,1,2252.93,14324.79,0.094734,0.07399677346463561,0.415306,96.4,0.6641
2192,1,2253.6,14321.46,0.104157,0.0739949829218479,0.41002,96.2,0.665
2193,1,2254.27,14318.15,0.110758,0.07399319080454289,0.474072,96.0,0.6668
2194,1,2254.94,14314.86,0.099911,0.0739913971127987,0.675156,95.4,0.6705
2195,1,2255.61,14311.54,0.131607,0.0739896018466935,0.7048,96.1,0.6657
2196,1,2256.28,14308.29,0.128678,0.07398780500630557,1.251495,94.9,0.6745
2197,1,2256.95,14304.98,0.111923,0.07398600659171324,1.252468,95.9,0.6671
2198,1,2257.62,14301.7,0.073472,0.07398420660299489,0.429498,95.4,0.6706
2199,1,2258.29,14298.41,0.106181,0.07398240504022899,0.72739,95.8,0.6682
2200,1,2258.97,14295.16,0.114534,0.07398060190349406,0.697534,94.8,0.6748
2201,1,2259.72,14292.39,0.0892,0.07397879719286872,0.89167,95.2,0.6725
2202,1,2260.39,14289.08,0.100818,0.07397699090843164,0.579984,96.3,0.6644
2203,1,2261.06,14285.85,0.082834,0.07397518305026153,0.485025,94.6,0.6763
2204,1,2261.73,14282.55,0.086844,0.07397337361843724,0.526092,96.3,0.6647
2205,1,2262.4,14279.3,0.0866,0.07397156261303761,0.442076,95.3,0.6717
2206,1,2263.1,14276.22,0.095028,0.07396975003414161,0.458381,91.6,0.699
2207,1,2263.77,14272.95,0.128219,0.07396793588182822,0.602736,95.8,0.6678
2208,1,2264.44,14269.63,0.108764,0.07396612015617655,1.278379,96.8,0.6611
2209,1,2265.13,14266.52,0.136205,0.07396430285726574,0.771072,92.3,0.6933
2210,1,2265.81,14263.32,0.085507,0.073962483985175,0.583522,94.4,0.6778
2211,1,2266.71,14261.52,0.105873,0.07396066353998364,0.693576,71.1,0.9004
2212,1,2267.39,14258.3,0.103828,0.07395884152177098,0.665264,94.7,0.6761
2213,1,2268.08,14255.22,0.104758,0.07395701793061649,0.803572,92.1,0.6951
2214,1,2268.83,14252.46,0.080587,0.07395519276659963,0.730949,85.7,0.7471
2215,1,2269.51,14249.26,0.144942,0.07395336602979997,0.570291,94.4,0.6777
2216,1,2270.18,14245.98,0.092874,0.07395153772029714,0.672238,96.5,0.6632
2217,1,2270.84,14242.69,0.114128,0.07394970783817083,1.65573,96.7,0.6619
2218,1,2271.54,14239.65,0.120332,0.07394787638350084,1.038777,91.2,0.7019
2219,1,2272.21,14236.39,0.081073,0.07394604335636697,0.584557,96.3,0.6648
2220,1,2272.89,14233.2,0.131768,0.07394420875684912,0.882714,94.6,0.6763
2221,1,2273.58,14230.09,0.132691,0.0739423725850273,0.672203,93.5,0.6842
2222,1,2274.25,14226.85,0.114778,0.07394053484098151,0.480475,95.7,0.6688
2223,1,2274.91,14223.59,0.111251,0.07393869552479189,0.511488,96.5,0.6634
2224,1,2275.62,14220.55,0.139906,0.0739368546365386,0.843386,91.4,0.7
2225,1,2276.29,14217.38,0.099804,0.07393501217630188,0.564335,94.6,0.6764
2226,1,2276.96,14214.15,0.143066,0.07393316814416208,0.461368,95.7,0.6685
2227,1,2277.63,14210.92,0.177245,0.07393132254019955,0.648329,95.6,0.6695
2228,1,2278.31,14207.73,0.137363,0.07392947536449475,0.612671,95.1,0.673
2229,1,2279.0,14204.62,0.100542,0.07392762661712822,0.478411,93.1,0.6874
2230,1,2279.66,14201.39,0.112658,0.07392577629818053,0.614141,96.1,0.6662
2231,1,2280.38,14198.45,0.107685,0.07392392440773234,0.606587,89.8,0.713
2232,1,2281.05,14195.24,0.114329,0.07392207094586438,0.580186,95.7,0.6687
2233,1,2281.72,14192.02,0.078331,0.07392021591265745,0.629421,95.9,0.6672
2234,1,2282.4,14188.9,0.136736,0.07391835930819239,0.510244,93.7,0.6832
2235,1,2283.07,14185.71,0.101571,0.07391650113255016,0.452883,95.3,0.6715
2236,1,2283.74,14182.5,0.095388,0.07391464138581175,0.983672,95.8,0.6683
2237,1,2284.44,14179.44,0.150444,0.07391278006805822,1.466891,92.5,0.6917
2238,1,2285.13,14176.35,0.171624,0.07391091717937072,0.625354,93.2,0.6863
2239,1,2285.82,14173.31,0.060424,0.07390905271983045,0.620299,92.2,0.694
2240,1,2286.49,14170.14,0.116424,0.07390718668951869,0.958636,95.2,0.6726
2241,1,2287.18,14167.03,0.121359,0.07390531908851677,0.849044,95.0,0.6736
2242,1,2287.87,14163.98,0.105221,0.07390344991690612,0.428035,92.6,0.6915
2243,1,2288.54,14160.78,0.063779,0.0739015791747682,0.514499,95.9,0.6674
2244,1,2289.21,14157.62,0.119627,0.07389970686218456,0.418445,95.1,0.6728
2245,1,2289.87,14154.37,0.119602,0.07389783297923683,0.610925,97.3,0.658
2246,1,2290.54,14151.17,0.094858,0.07389595752600668,0.66616,96.1,0.6657
2247,1,2291.21,14147.99,0.144517,0.07389408050257588,0.363779,95.7,0.669
2248,1,2292.02,14145.69,0.095709,0.07389220190902625,1.084216,78.9,0.8108
2249,1,2292.72,14142.67,0.117387,0.07389032174543966,1.667675,92.3,0.6933
2250,1,2293.49,14140.14,0.075019,0.0738884400118981,0.78003,82.8,0.7727
2251,1,2294.36,14138.2,0.09404,0.07388655670848357,0.714813,73.6,0.8692
2252,1,2295.19,14136.02,0.059371,0.07388467183527817,0.728163,77.2,0.8288
2253,1,2296.19,14134.86,0.121962,0.07388278539236406,0.615811,64.4,0.9941
2254,1,2297.12,14133.33,0.091549,0.0738808973798235,0.332435,68.6,0.9331
2255,1,2298.05,14131.74,0.116306,0.07387900779773879,0.714374,69.1,0.9257
2256,1,2298.96,14130.01,0.086506,0.07387711664619226,0.53234,71.0,0.9015
2257,1,2299.62,14126.83,0.138835,0.07387522392526638,0.551897,96.2,0.6651
2258,1,2300.37,14124.18,0.079863,0.07387332963504364,0.426064,85.2,0.7509
2259,1,2301.05,14121.07,0.148436,0.07387143377560662,0.444371,94.5,0.6774
2260,1,2301.73,14117.95,0.058894,0.07386953634703797,0.520146,94.9,0.6742
2261,1,2302.4,14114.83,0.126656,0.07386763734942038,0.446349,95.6,0.6698
2262,1,2303.08,14111.7,0.092609,0.07386573678283666,0.558869,95.3,0.6718
2263,1,2303.78,14108.74,0.095546,0.07386383464736963,0.661336,91.3,0.7007
2264,1,2304.45,14105.58,0.111962,0.07386193094310224,0.561438,96.0,0.6664
2265,1,2305.12,14102.46,0.056228,0.07386002567011744,0.376969,95.2,0.6724
2266,1,2305.79,14099.29,0.066651,0.0738581188284983,0.650822,96.2,0.6655
2267,1,2306.46,14096.16,0.133327,0.07385621041832795,0.610896,95.5,0.6703
2268,1,2307.14,14093.11,0.12715,0.07385430043968956,0.863612,93.6,0.6838
2269,1,2307.81,14089.95,0.091174,0.0738523888926664,1.171372,96.2,0.6651
2270,1,2308.48,14086.84,0.155861,0.0738504757773418,0.986396,95.1,0.6731
2271,1,2309.17,14083.78,0.113509,0.07384856109379914,0.522917,94.1,0.68
2272,1,2309.84,14080.68,0.106532,0.0738466448421219,0.752068,94.9,0.6744
2273,1,2310.51,14077.56,0.090008,0.0738447270223936,0.641612,95.7,0.6689
2274,1,2311.18,14074.43,0.101636,0.07384280763469785,0.529755,95.6,0.6694
2275,1,2311.85,14071.31,0.075386,0.07384088667911831,0.433029,95.6,0.6694
2276,1,2312.54,14068.26,0.134193,0.07383896415573873,0.470975,94.1,0.6799
2277,1,2313.23,14065.28,0.058162,0.07383704006464292,0.476628,92.7,0.6903
2278,1,2313.9,14062.18,0.099112,0.07383511440591473,0.663234,95.2,0.6722
2279,1,2314.56,14059.02,0.076015,0.0738331871796381,0.970084,96.8,0.6613
2280,1,2315.24,14055.97,0.091613,0.07383125838589706,0.958309,94.3,0.679
2281,1,2315.93,14052.95,0.133088,0.0738293280247757,0.814434,94.6,0.6763
2282,1,2316.6,14049.86,0.143335,0.07382739609635812,0.58821,95.2,0.6724
2283,1,2317.28,14046.78,0.165889,0.07382546260072857,0.925601,95.0,0.6737
2284,1,2317.99,14043.9,0.130184,0.07382352753797133,0.795443,90.6,0.7062
2285,1,2318.74,14041.32,0.086696,0.07382159090817077,0.615516,84.9,0.7535
2286,1,2319.43,14038.35,0.096224,0.07381965271141126,0.556232,92.6,0.6912
2287,1,2320.13,14035.43,0.064293,0.07381771294777734,0.413765,91.9,0.6966
2288,1,2320.86,14032.66,0.089436,0.07381577161735355,0.550629,88.5,0.7233
2289,1,2321.59,14029.92,0.118899,0.07381382872022449,0.781786,87.9,0.7282
2290,1,2322.28,14026.95,0.097046,0.07381188425647488,0.63519,92.9,0.6887
2291,1,2323.82,14029.11,0.051413,0.07380993822618948,0.525916,41.6,1.5388
2292,1,2324.69,14027.26,0.114711,0.0738079906294531,0.699296,73.3,0.8735
2293,1,2325.37,14024.25,0.076393,0.07380604146635067,0.306326,93.8,0.682
2294,1,2326.05,14021.17,0.07764,0.07380409073696714,0.421602,95.5,0.6703
2295,1,2326.73,14018.18,0.14654,0.07380213844138754,0.690115,93.6,0.6837
2296,1,2327.42,14015.19,0.119879,0.07380018457969699,1.267466,93.4,0.6855
2297,1,2328.09,14012.14,0.146251,0.07379822915198064,1.308179,95.0,0.6737
2298,1,2328.77,14009.08,0.094955,0.07379627215832373,0.856652,95.2,0.6722
2299,1,2329.46,14006.12,0.121096,0.07379431359881158,0.56726,93.1,0.6876
2300,1,2330.14,14003.14,0.085986,0.07379235347352957,0.495918,93.6,0.684
2301,1,2330.84,14000.24,0.072077,0.07379039178256314,0.863022,92.4,0.693
2302,1,2331.53,13997.25,0.111029,0.0737884285259978,0.604442,93.8,0.6825
2303,1,2332.19,13994.15,0.076586,0.07378646370391913,0.599012,96.5,0.6633
2304,1,2332.89,13991.24,0.133257,0.07378449731641279,0.828233,92.0,0.6955
2305,1,2333.58,13988.32,0.110261,0.07378252936356447,0.533244,93.4,0.685
2306,1,2334.43,13986.35,0.043946,0.07378055984545998,0.372205,75.2,0.8508
2307,1,2335.15,13983.59,0.141444,0.07377858876218517,0.937459,89.1,0.7183
2308,1,2335.85,13980.71,0.122223,0.07377661611382595,1.207973,91.9,0.6966
2309,1,2336.54,13977.74,0.098086,0.07377464190046833,1.068927,93.9,0.6818
2310,1,2337.24,13974.86,0.095392,0.07377266612219835,0.459846,91.8,0.6975
2311,1,2337.99,13972.32,0.085499,0.07377068877910216,1.19719,84.8,0.7546
2312,1,2338.77,13969.92,0.208394,0.07376870987126592,1.337575,82.3,0.7775
2313,1,2339.44,13966.87,0.116937,0.07376672939877592,0.710657,95.9,0.6672
2314,1,2340.14,13963.99,0.15055,0.0737647473617185,0.59077,91.8,0.6972
2315,1,2340.87,13961.28,0.111455,0.07376276376018003,0.407021,88.2,0.7256
2316,1,2341.55,13958.3,0.112185,0.073760778594247,0.838804,94.3,0.6786
2317,1,2342.27,13955.53,0.067834,0.07375879186400593,0.415684,89.5,0.715
2318,1,2342.93,13952.49,0.085625,0.07375680356954344,0.814961,95.8,0.6681
2319,1,2343.62,13949.57,0.083705,0.07375481371094618,0.652984,92.9,0.689
2320,1,2344.5,13947.76,0.114327,0.07375282228830092,0.511547,73.1,0.8758
2321,1,2345.26,13945.24,0.110542,0.07375082930169445,0.480602,86.0,0.7439
2322,1,2346.06,13943.02,0.114642,0.07374883475121366,0.475074,79.5,0.8052
2323,1,2346.99,13941.51,0.078204,0.07374683863694548,0.430566,69.3,0.9242
2324,1,2347.8,13939.29,0.13422,0.07374484095897693,0.403786,79.5,0.8049
2325,1,2348.63,13937.21,0.109207,0.07374284171739508,0.694852,77.2,0.8294
2326,1,2349.31,13934.27,0.072718,0.07374084091228711,0.623233,93.8,0.682
2327,1,2350.0,13931.35,0.076253,0.0737388385437402,0.432186,93.1,0.6877
2328,1,2350.75,13928.79,0.076115,0.07373683461184166,0.457639,85.8,0.7462
2329,1,2351.43,13925.81,0.081514,0.07373482911667883,0.753824,94.8,0.6754
2330,1,2352.09,13922.79,0.091552,0.07373282205833916,0.835054,95.8,0.668
2331,1,2352.77,13919.81,0.162236,0.0737308134369101,0.619107,94.7,0.6757
2332,1,2353.51,13917.22,0.108545,0.07372880325247923,0.654777,86.5,0.7403
2333,1,2354.19,13914.27,0.089015,0.07372679150513418,0.854773,94.2,0.6796
2334,1,2355.01,13912.14,0.106134,0.07372477819496265,0.415647,78.3,0.8174
2335,1,2355.73,13909.39,0.116361,0.07372276332205238,1.351533,89.9,0.7122
2336,1,2356.43,13906.58,0.149774,0.07372074688649122,1.641754,91.1,0.7026
2337,1,2357.19,13904.09,0.126009,0.07371872888836706,1.236696,84.6,0.7567
2338,1,2357.9,13901.3,0.082051,0.07371670932776786,0.768878,90.7,0.7056
2339,1,2358.62,13898.6,0.11192,0.07371468820478166,0.503207,89.1,0.7186
2340,1,2359.43,13896.46,0.084777,0.07371266551949658,0.45326,78.7,0.8128
2341,1,2360.25,13894.34,0.112951,0.07371064127200078,0.916119,79.0,0.8103
2342,1,2360.95,13891.49,0.11671,0.07370861546238251,1.996845,92.3,0.6937
2343,1,2361.64,13888.63,0.117272,0.07370658809073005,1.280448,92.6,0.6912
2344,1,2362.36,13885.89,0.091447,0.0737045591571318,0.527352,89.7,0.7134
2345,1,2363.11,13883.38,0.10172,0.0737025286616762,0.962818,85.3,0.7504
2346,1,2363.79,13880.48,0.071501,0.07370049660445176,0.982508,93.7,0.6831
2347,1,2364.58,13878.17,0.12235,0.07369846298554705,0.598399,81.6,0.784
2348,1,2365.25,13875.22,0.119587,0.07369642780505073,0.756298,94.8,0.6754
2349,1,2365.93,13872.26,0.152424,0.07369439106305152,0.697042,95.1,0.6728
2350,1,2366.6,13869.27,0.164302,0.07369235275963819,0.512157,95.7,0.6685
2351,1,2367.26,13866.26,0.101074,0.07369031289489959,0.544725,96.5,0.6633
2352,1,2367.94,13863.31,0.128562,0.07368827146892468,1.328491,95.1,0.6731
2353,1,2368.61,13860.32,0.161707,0.07368622848180238,0.862964,95.8,0.6681
2354,1,2369.27,13857.34,0.128984,0.07368418393362182,0.985562,96.0,0.6667
2355,1,2369.95,13854.42,0.119506,0.07368213782447207,1.067291,94.4,0.678
2356,1,2370.65,13851.6,0.164212,0.07368009015444234,0.773697,91.9,0.6961
2357,1,2371.33,13848.71,0.117598,0.0736780409236219,0.473578,93.9,0.6816
2358,1,2372.04,13845.95,0.131094,0.07367599013210008,0.546583,90.8,0.7051
2359,1,2372.73,13843.12,0.111834,0.07367393777996625,0.604069,92.6,0.6909
2360,1,2373.42,13840.23,0.090265,0.0736718838673099,0.458227,93.8,0.6823
2361,1,2374.09,13837.28,0.100197,0.07366982839422055,0.559985,96.2,0.6653
2362,1,2374.75,13834.26,0.15509,0.07366777136078781,0.664735,97.1,0.6594
2363,1,2375.43,13831.39,0.132427,0.07366571276710135,0.599752,93.6,0.6839
2364,1,2376.14,13828.65,0.147648,0.0736636526132509,0.571121,90.7,0.7057
2365,1,2376.83,13825.83,0.153843,0.07366159089932628,0.412966,92.6,0.6908
2366,1,2377.53,13823.03,0.115523,0.07365952762541733,0.570504,92.0,0.6958
2367,1,2378.19,13820.05,0.117571,0.07365746279161402,0.644121,96.5,0.6631
2368,1,2378.88,13817.18,0.112754,0.07365539639800635,0.569108,93.8,0.6823
2369,1,2379.55,13814.23,0.090029,0.07365332844468439,0.44148,95.6,0.6691
2370,1,2380.23,13811.34,0.136419,0.0736512589317383,0.529757,94.5,0.677
2371,1,2380.9,13808.41,0.093725,0.07364918785925828,0.608674,95.4,0.6708
2372,1,2381.57,13805.48,0.10097,0.07364711522733461,0.598168,95.4,0.671
2373,1,2382.25,13802.57,0.179325,0.07364504103605765,0.806623,95.0,0.6734
2374,1,2382.98,13800.02,0.134332,0.07364296528551781,0.881941,87.0,0.736
2375,1,2383.67,13797.16,0.126806,0.07364088797580556,1.109385,94.0,0.6812
2376,1,2384.33,13794.22,0.08964,0.07363880910701148,0.476141,95.9,0.6676
2377,1,2385.06,13791.61,0.103817,0.07363672867922617,0.465028,88.5,0.7235
2378,1,2385.76,13788.84,0.139443,0.07363464669254033,0.554218,92.0,0.6958
2379,1,2386.43,13785.92,0.118144,0.07363256314704471,0.506327,95.6,0.6697
2380,1,2387.12,13783.1,0.121391,0.07363047804283013,0.886279,93.1,0.6878
2381,1,2387.83,13780.4,0.150481,0.07362839137998749,0.873691,91.5,0.6995
2382,1,2388.49,13777.43,0.106229,0.07362630315860776,0.684179,96.8,0.6612
2383,1,2389.16,13774.52,0.120531,0.07362421337878196,0.416092,95.4,0.6707
2384,1,2389.83,13771.62,0.100083,0.07362212204060117,0.36015,95.4,0.6709
2385,1,2390.5,13768.7,0.137195,0.07362002914415659,0.839059,95.7,0.6687
2386,1,2391.18,13765.83,0.122547,0.07361793468953942,1.033638,94.6,0.6762
2387,1,2391.84,13762.86,0.103629,0.07361583867684098,0.8528,96.9,0.6601
2388,1,2392.51,13759.96,0.146393,0.07361374110615261,0.735741,95.4,0.6706
2389,1,2393.21,13757.22,0.093321,0.07361164197756578,0.437362,91.9,0.6968
2390,1,2393.89,13754.34,0.103649,0.07360954129117198,0.511997,94.9,0.6746
2391,1,2394.57,13751.48,0.168068,0.07360743904706277,1.004901,94.7,0.6757
2392,1,2395.24,13748.61,0.140695,0.07360533524532979,1.334839,94.9,0.6742
2393,1,2395.91,13745.7,0.122429,0.07360322988606477,0.66866,95.9,0.6677
2394,1,2396.58,13742.78,0.081815,0.07360112296935947,0.622455,96.3,0.6646
2395,1,2397.25,13739.91,0.059934,0.07359901449530575,1.064387,95.0,0.6738
2396,1,2397.93,13737.08,0.102682,0.0735969044639955,0.974213,94.0,0.6807
2397,1,2398.6,13734.14,0.061016,0.07359479287552069,1.053352,97.0,0.6596
2398,1,2399.26,13731.22,0.086271,0.0735926797299734,0.839047,96.2,0.6651
2399,1,2399.94,13728.35,0.110574,0.07359056502744571,1.074909,95.1,0.6729
2400,1,2400.6,13725.44,0.090618,0.07358844876802983,0.709759,96.2,0.6655
2401,1,2494.15,14253.34,0.131955,0.073586330951818,0.517588,91.2,0.702
2402,1,2494.82,14250.17,0.08425,0.07358421157890255,0.496751,96.3,0.6649
2403,1,2495.48,14246.97,0.117595,0.07358209064937585,0.731578,97.2,0.6587
2404,1,2496.14,14243.8,0.106802,0.07357996816333036,0.681767,96.5,0.6633
2405,1,2496.81,14240.63,0.074479,0.0735778441208586,0.474831,96.3,0.6643
2406,1,2497.47,14237.46,0.075275,0.07357571852205315,0.322869,96.7,0.6622
2407,1,2498.15,14234.35,0.169676,0.0735735913670067,0.767467,95.1,0.6727
2408,1,2498.82,14231.24,0.113441,0.07357146265581194,0.744375,95.1,0.6728
2409,1,2499.48,14228.05,0.153525,0.07356933238856166,0.802091,97.0,0.6597
2410,1,2500.17,14225.01,0.163778,0.07356720056534877,2.074193,93.7,0.683
2411,1,2500.85,14221.94,0.138864,0.07356506718626615,1.334021,94.3,0.6786
2412,1,2501.55,14219.01,0.176333,0.07356293225140681,1.235379,91.0,0.7029
2413,1,2502.22,14215.88,0.103037,0.07356079576086383,0.850921,95.8,0.6679
2414,1,2502.92,14212.95,0.132653,0.07355865771473032,0.632928,91.1,0.7024
2415,1,2503.6,14209.86,0.073651,0.0735565181130995,0.528645,94.9,0.6741
2416,1,2504.27,14206.75,0.137285,0.07355437695606462,0.737008,95.5,0.6699
2417,1,2504.95,14203.71,0.085883,0.07355223424371903,0.515189,93.9,0.6814
2418,1,2505.62,14200.59,0.10069,0.07355008997615614,1.13061,95.8,0.6681
2419,1,2506.29,14197.46,0.10805,0.07354794415346941,0.939615,96.3,0.6649
2420,1,2506.96,14194.36,0.102577,0.07354579677575238,0.476127,95.6,0.6696
2421,1,2507.64,14191.33,0.106291,0.07354364784309864,0.756249,94.5,0.6771
2422,1,2508.33,14188.34,0.130846,0.07354149735560188,1.064136,92.7,0.6901
2423,1,2509.01,14185.28,0.110389,0.07353934531335586,1.002066,94.7,0.6758
2424,1,2509.67,14182.13,0.090917,0.07353719171645437,0.682157,97.1,0.6594
2425,1,2510.34,14179.03,0.112092,0.07353503656499129,0.703094,95.6,0.6692
2426,1,2511.01,14175.91,0.062631,0.07353287985906057,0.704335,96.3,0.6647
2427,1,2511.68,14172.8,0.092628,0.07353072159875622,0.606106,96.0,0.6667
2428,1,2512.34,14169.68,0.103384,0.07352856178417232,0.581727,96.5,0.6634
2429,1,2513.03,14166.67,0.112849,0.07352640041540302,1.198104,93.7,0.6834
2430,1,2513.7,14163.61,0.113347,0.07352423749254255,1.385983,95.1,0.6728
2431,1,2514.37,14160.51,0.129999,0.07352207301568518,0.901069,96.0,0.6667
2432,1,2515.03,14157.39,0.094948,0.07351990698492528,0.441086,96.6,0.6625
2433,1,2515.72,14154.41,0.130562,0.07351773940035723,0.655151,93.2,0.6869
2434,1,2516.4,14151.36,0.146798,0.07351557026207557,0.599118,94.8,0.6752
2435,1,2517.08,14148.38,0.123785,0.07351339957017482,0.490275,93.5,0.6848
2436,1,2517.75,14145.29,0.078244,0.07351122732474961,0.537114,96.0,0.6668
2437,1,2518.43,14142.26,0.105917,0.07350905352589464,0.800369,94.6,0.6762
2438,1,2519.13,14139.36,0.133592,0.07350687817370466,0.538219,91.5,0.6997
2439,1,2519.81,14136.36,0.146695,0.0735047012682745,0.59532,93.9,0.6817
2440,1,2520.47,14133.24,0.087968,0.07350252280969906,0.75895,97.0,0.6595
2441,1,2521.14,14130.18,0.159097,0.07350034279807328,1.010363,96.2,0.6655
2442,1,2521.84,14127.26,0.088306,0.07349816123349222,0.844411,92.1,0.6945
2443,1,2522.54,14124.36,0.126484,0.07349597811605096,0.740417,91.7,0.6977
2444,1,2523.21,14121.31,0.135543,0.07349379344584467,1.124209,95.5,0.6703
2445,1,2523.89,14118.32,0.160333,0.07349160722296857,1.634095,94.0,0.6807
2446,1,2524.56,14115.25,0.070607,0.073489419447518,1.00849,96.0,0.6666
2447,1,2525.24,14112.22,0.095935,0.07348723011958827,0.946817,95.0,0.6737
2448,1,2525.9,14109.14,0.095232,0.07348503923927485,0.542807,96.3,0.6646
2449,1,2526.56,14106.03,0.1409,0.07348284680667323,0.902089,97.2,0.6583
2450,1,2527.24,14103.04,0.190394,0.07348065282187899,1.580379,94.1,0.6798
2451,1,2527.91,14100.0,0.122712,0.07347845728498777,1.478141,95.5,0.67
2452,1,2528.57,14096.91,0.10596,0.07347626019609525,1.010558,96.9,0.6602
2453,1,2529.25,14093.9,0.082061,0.07347406155529726,1.047536,94.7,0.6756
2454,1,2529.94,14090.94,0.122198,0.0734718613626896,0.498951,93.6,0.6834
2455,1,2530.62,14088.0,0.106889,0.0734696596183682,0.553718,93.2,0.6864
2456,1,2531.3,14084.97,0.077958,0.073467456322429,0.548909,95.4,0.6708
2457,1,2531.97,14081.93,0.096143,0.07346525147496807,0.61913,95.9,0.667
2458,1,2532.63,14078.89,0.062511,0.07346304507608153,0.597752,95.9,0.6674
2459,1,2533.31,14075.9,0.099184,0.07346083712586557,1.144722,94.7,0.6757
2460,1,2533.98,14072.87,0.099026,0.0734586276244164,0.914876,95.7,0.669
2461,1,2534.65,14069.83,0.11206,0.07345641657183037,0.59892,96.6,0.6623
2462,1,2535.32,14066.78,0.09731,0.07345420396820383,0.859281,96.3,0.6648
2463,1,2535.98,14063.74,0.132106,0.07345198981363325,1.251893,96.2,0.6654
2464,1,2536.64,14060.67,0.1159,0.07344977410821515,1.179317,96.9,0.6602
2465,1,2537.32,14057.68,0.145486,0.07344755685204611,0.678934,94.7,0.6755
2466,1,2538.0,14054.7,0.087163,0.07344533804522278,0.425369,94.8,0.6753
2467,1,2538.66,14051.66,0.074443,0.0734431176878419,0.716313,96.3,0.6649
2468,1,2539.35,14048.74,0.14372,0.07344089578000022,1.07743,93.4,0.6849
2469,1,2540.01,14045.68,0.126912,0.07343867232179463,1.263781,96.8,0.661
2470,1,2540.68,14042.68,0.095144,0.07343644731332204,1.00729,95.5,0.6701
2471,1,2541.36,14039.71,0.081994,0.07343422075467942,0.934725,94.7,0.6761
2472,1,2542.03,14036.71,0.119724,0.07343199264596387,1.267754,95.5,0.6702
2473,1,2542.71,14033.72,0.139116,0.0734297629872725,1.189354,95.2,0.672
2474,1,2543.38,14030.76,0.098453,0.0734275317787025,0.79529,94.5,0.6773
2475,1,2544.06,14027.78,0.063952,0.07342529902035114,0.614568,95.1,0.6728
2476,1,2544.73,14024.77,0.090873,0.07342306471231573,0.553007,95.9,0.6672
2477,1,2545.39,14021.75,0.080744,0.07342082885469368,0.759169,96.2,0.6654
2478,1,2546.06,14018.72,0.114464,0.07341859144758246,0.926568,96.6,0.6624
2479,1,2546.73,14015.76,0.113216,0.07341635249107958,0.656773,95.0,0.6739
2480,1,2547.39,14012.71,0.084111,0.07341411198528267,1.348463,97.0,0.6597
2481,1,2548.07,14009.76,0.14289,0.07341186993028936,1.448521,95.5,0.6699
2482,1,2548.74,14006.76,0.091093,0.07340962632619742,0.409609,95.9,0.6675
2483,1,2549.41,14003.77,0.136744,0.07340738117310462,0.819919,95.9,0.6675
2484,1,2550.09,14000.84,0.072531,0.07340513447110886,0.776346,94.4,0.6776
2485,1,2550.76,13997.9,0.157288,0.07340288622030805,1.244146,94.5,0.6769
2486,1,2551.43,13994.87,0.117937,0.0734006364208002,0.801494,96.9,0.6601
2487,1,2552.1,13991.89,0.07914,0.0733983850726834,0.731986,95.7,0.6685
2488,1,2552.76,13988.9,0.120713,0.07339613217605578,1.318975,95.9,0.6676
2489,1,2553.44,13985.95,0.114286,0.07339387773101554,0.67798,95.2,0.6726
2490,1,2554.09,13982.9,0.128401,0.07339162173766095,0.71668,97.7,0.6551
2491,1,2554.77,13979.94,0.118492,0.07338936419609036,0.481121,95.4,0.6711
2492,1,2555.44,13977.0,0.086194,0.07338710510640217,0.516845,94.8,0.675
2493,1,2556.11,13974.04,0.145229,0.07338484446869488,0.557239,95.6,0.6695
2494,1,2556.78,13971.04,0.148336,0.073382582283067,0.55591,96.6,0.6626
2495,1,2557.46,13968.14,0.101374,0.07338031854961717,0.61326,93.9,0.6817
2496,1,2558.16,13965.32,0.075063,0.07337805326844406,0.495915,92.3,0.6935
2497,1,2558.83,13962.4,0.101311,0.07337578643964641,0.65125,94.6,0.6764
2498,1,2559.5,13959.39,0.109302,0.07337351806332305,0.647192,96.9,0.6603
2499,1,2560.18,13956.54,0.074951,0.07337124813957284,0.558693,93.2,0.6864
2500,1,2560.85,13953.55,0.078907,0.07336897666849475,0.635933,96.5,0.6633
2501,1,2561.53,13950.65,0.125907,0.07336670365018777,0.482837,95.1,0.6728
2502,1,2562.21,13947.79,0.134817,0.073364429084751,0.577141,93.5,0.6845
2503,1,2562.89,13944.86,0.102086,0.0733621529722836,0.677244,95.2,0.672
2504,1,2563.56,13941.94,0.102054,0.07335987531288479,0.391242,94.9,0.6744
2505,1,2564.25,13939.06,0.144576,0.07335759610665385,1.23019,93.8,0.682
2506,1,2564.94,13936.22,0.152442,0.07335531535369012,1.126454,93.1,0.6873
2507,1,2565.6,13933.26,0.131097,0.07335303305409303,0.64599,96.2,0.6653
2508,1,2566.3,13930.45,0.117091,0.07335074920796207,0.566328,92.3,0.6937
2509,1,2566.98,13927.56,0.111568,0.0733484638153968,0.504925,94.5,0.6772
2510,1,2567.66,13924.68,0.10986,0.07334617687649683,0.97691,94.2,0.6795
2511,1,2568.33,13921.77,0.076826,0.07334388839136187,1.302311,95.0,0.6737
2512,1,2569.01,13918.89,0.074545,0.07334159836009166,0.987125,94.4,0.6781
2513,1,2569.68,13915.95,0.085349,0.07333930678278602,0.658027,95.7,0.6685
2514,1,2570.35,13913.01,0.105639,0.07333701365954487,0.536801,96.0,0.6665
2515,1,2571.02,13910.11,0.105252,0.07333471899046816,0.924943,94.9,0.6747
2516,1,2571.68,13907.11,0.109776,0.07333242277565591,1.109182,97.8,0.6542
2517,1,2572.34,13904.15,0.145493,0.07333012501520822,1.032302,96.7,0.6621
2518,1,2573.01,13901.22,0.099499,0.07332782570922525,0.887912,95.8,0.6681
2519,1,2573.68,13898.27,0.163605,0.07332552485780723,0.756728,96.5,0.6632
2520,1,2574.35,13895.36,0.143717,0.07332322246105447,0.739846,95.4,0.6708
2521,1,2575.02,13892.44,0.101776,0.0733209185190673,0.93293,96.8,0.6615
2522,1,2575.72,13889.71,0.178247,0.07331861303194619,0.873336,91.0,0.7033
2523,1,2576.4,13886.83,0.131436,0.07331630599979161,0.700632,94.9,0.6744
2524,1,2577.07,13883.89,0.133444,0.07331399742270414,1.114378,96.4,0.6638
2525,1,2577.74,13881.0,0.107572,0.07331168730078441,1.656671,95.1,0.6731
2526,1,2578.42,13878.17,0.181286,0.07330937563413314,0.942708,93.7,0.6831
2527,1,2579.11,13875.36,0.083227,0.0733070624228511,0.441497,93.2,0.6867
2528,1,2579.79,13872.5,0.085389,0.07330474766703908,0.699133,94.5,0.6774
2529,1,2580.47,13869.62,0.096991,0.07330243136679801,0.804484,95.1,0.6727
2530,1,2581.13,13866.7,0.079333,0.07330011352222887,0.879756,96.1,0.6657
2531,1,2581.79,13863.75,0.098991,0.0732977941334327,0.802062,97.0,0.6599
2532,1,2582.47,13860.9,0.061882,0.0732954732005106,0.915291,94.4,0.6783
2533,1,2583.14,13857.97,0.098175,0.07329315072356372,0.947499,96.7,0.6616
2534,1,2583.81,13855.08,0.151457,0.07329082670269334,0.801448,95.5,0.67
2535,1,2584.47,13852.15,0.139719,0.07328850113800073,0.527449,96.6,0.6628
2536,1,2585.14,13849.25,0.114632,0.07328617402958729,0.569161,95.9,0.6672
2537,1,2585.81,13846.38,0.118115,0.07328384537755445,0.971271,95.2,0.6721
2538,1,2586.48,13843.45,0.090023,0.07328151518200371,0.706153,96.8,0.6611
2539,1,2587.15,13840.58,0.100419,0.07327918344303667,0.430964,95.2,0.6721
2540,1,2587.83,13837.74,0.125215,0.07327685016075496,0.838657,94.5,0.6774
2541,1,2588.5,13834.88,0.12723,0.07327451533526028,1.054998,96.0,0.6666
2542,1,2589.16,13831.96,0.104256,0.07327217896665443,0.780516,96.6,0.6624
2543,1,2589.82,13829.03,0.135721,0.07326984105503924,0.689953,97.2,0.6585
2544,1,2590.49,13826.12,0.06311,0.07326750160051664,0.473347,96.6,0.6628
2545,1,2591.16,13823.26,0.068465,0.07326516060318859,0.526068,95.3,0.6717
2546,1,2591.84,13820.43,0.042248,0.07326281806315714,0.300945,94.6,0.6762
2547,1,2592.5,13817.53,0.08705,0.07326047398052442,0.684747,96.5,0.6633
2548,1,2593.17,13814.64,0.134323,0.0732581283553926,1.021446,96.1,0.6658
2549,1,2593.84,13811.75,0.144387,0.07325578118786392,1.082549,96.2,0.6655
2550,1,2594.5,13808.86,0.160931,0.07325343247804071,0.616881,96.4,0.6638
2551,1,2595.17,13805.98,0.163793,0.07325108222602535,1.062686,96.2,0.6655
2552,1,2595.84,13803.09,0.123382,0.07324873043192028,1.267261,96.5,0.6634
2553,1,2596.52,13800.29,0.150865,0.07324637709582804,0.95389,94.0,0.6808
2554,1,2597.18,13797.39,0.089149,0.07324402221785119,0.338994,96.9,0.6605
2555,1,2597.84,13794.5,0.141032,0.07324166579809241,0.855168,96.6,0.6624
2556,1,2598.51,13791.62,0.120774,0.07323930783665439,1.135974,96.3,0.6648
2557,1,2599.18,13788.77,0.115596,0.07323694833363993,0.835591,95.4,0.671
2558,1,2599.84,13785.86,0.135163,0.07323458728915189,0.862942,97.3,0.658
2559,1,2600.52,13783.04,0.127879,0.07323222470329319,1.005797,94.9,0.6744
2560,1,2601.19,13780.24,0.175884,0.07322986057616682,0.468943,94.5,0.6774
2561,1,2601.86,13777.37,0.090235,0.0732274949078758,1.298555,97.1,0.6592
2562,1,2602.53,13774.51,0.12559,0.0732251276985233,1.751395,96.0,0.6667
2563,1,2603.2,13771.67,0.13274,0.0732227589482125,0.832554,95.5,0.6704
2564,1,2603.87,13768.84,0.150391,0.07322038865704662,0.722567,95.6,0.6696
2565,1,2604.54,13765.98,0.095069,0.07321801682512905,1.502606,96.1,0.666
2566,1,2605.2,13763.1,0.125075,0.07321564345256311,1.935025,96.9,0.6603
2567,1,2605.87,13760.24,0.088348,0.0732132685394523,0.615032,96.1,0.6659
2568,1,2606.71,13758.33,0.137518,0.07321089208590015,0.642792,76.6,0.8357
2569,1,2607.47,13755.93,0.12094,0.07320851409201022,0.619642,85.0,0.7526
2570,1,2608.19,13753.4,0.137242,0.0732061345578862,0.476492,88.1,0.7264
2571,1,2608.86,13750.54,0.102138,0.07320375348363181,0.492211,96.6,0.6628
2572,1,2609.55,13747.83,0.102463,0.07320137086935084,0.669531,92.7,0.6906
2573,1,2610.21,13744.96,0.123208,0.07319898671514716,0.63313,96.6,0.6623
2574,1,2610.95,13742.5,0.117923,0.07319660102112469,0.484782,86.7,0.7379
2575,1,2611.68,13739.96,0.101042,0.07319421378738743,0.695882,88.6,0.7227
2576,1,2612.37,13737.25,0.142453,0.07319182501403942,0.550178,92.8,0.6897
2577,1,2613.05,13734.51,0.090689,0.07318943470118483,0.742929,93.5,0.6847
2578,1,2613.73,13731.72,0.127989,0.07318704284892782,0.645858,94.7,0.6758
2579,1,2614.41,13728.94,0.084154,0.07318464945737269,0.67186,94.8,0.675
2580,1,2615.08,13726.13,0.112804,0.07318225452662373,1.109219,95.4,0.6706
2581,1,2615.75,13723.32,0.073876,0.07317985805678537,0.767318,96.6,0.6627
2582,1,2616.42,13720.5,0.096369,0.07317746004796206,0.762698,95.6,0.6697
2583,1,2617.09,13717.69,0.081195,0.07317506050025833,0.678477,95.8,0.6681
2584,1,2617.79,13715.02,0.131132,0.0731726594137788,0.497484,91.9,0.6966
2585,1,2618.47,13712.25,0.104425,0.07317025678862811,0.486767,94.6,0.6768
2586,1,2619.14,13709.48,0.125565,0.07316785262491102,0.560119,94.7,0.6758
2587,1,2619.81,13706.65,0.099253,0.0731654469227323,0.816018,96.5,0.6631
2588,1,2620.5,13703.93,0.145526,0.07316303968219684,2.169128,93.3,0.6859
2589,1,2621.16,13701.09,0.207336,0.07316063090340956,1.543098,97.0,0.6599
2590,1,2621.82,13698.24,0.115102,0.07315822058647549,0.615454,97.0,0.6598
2591,1,2622.48,13695.41,0.133363,0.07315580873149966,0.877405,96.6,0.6627
2592,1,2623.14,13692.56,0.086247,0.07315339533858724,0.49095,96.9,0.6603
2593,1,2623.82,13689.8,0.146452,0.07315098040784342,0.795962,95.0,0.674
2594,1,2624.48,13686.96,0.112136,0.07314856393937347,0.509994,96.7,0.6615
2595,1,2625.16,13684.21,0.130482,0.07314614593328272,0.437332,94.8,0.6753
2596,1,2625.82,13681.37,0.08753,0.07314372638967657,0.404404,96.8,0.6612
2597,1,2626.5,13678.61,0.106478,0.07314130530866052,0.409129,94.9,0.6746
2598,1,2627.19,13675.93,0.131166,0.07313888269034008,0.527861,93.0,0.6884
2599,1,2627.86,13673.18,0.096767,0.07313645853482087,0.47914,94.8,0.675
2600,1,2628.53,13670.38,0.131365,0.07313403284220855,0.570802,96.0,0.6669
2601,1,2629.21,13667.63,0.11565,0.07313160561260885,0.556307,95.6,0.6691
2602,1,2629.88,13664.86,0.098024,0.07312917684612762,1.332219,95.1,0.6726
2603,1,2630.55,13662.07,0.124176,0.07312674654287069,1.213813,96.1,0.6661
2604,1,2631.21,13659.25,0.132421,0.07312431470294402,0.402777,96.8,0.6614
2605,1,2631.89,13656.55,0.094897,0.07312188132645361,0.85652,93.9,0.6819
2606,1,2632.55,13653.71,0.153816,0.07311944641350553,0.602972,97.3,0.6578
2607,1,2633.21,13650.89,0.173685,0.07311700996420593,0.77086,97.2,0.6585
2608,1,2633.9,13648.18,0.124193,0.07311457197866102,1.024263,94.0,0.6812
2609,1,2634.57,13645.45,0.115437,0.07311213245697706,1.379504,94.7,0.6756
2610,1,2635.25,13642.7,0.114508,0.07310969139926041,0.612121,95.1,0.6731
2611,1,2635.91,13639.91,0.144678,0.07310724880561748,0.536491,96.4,0.6638
2612,1,2636.58,13637.14,0.07934,0.07310480467615471,0.631182,96.0,0.6669
2613,1,2637.25,13634.38,0.129317,0.07310235901097868,0.571269,95.4,0.6712
2614,1,2637.92,13631.59,0.131846,0.073099911810196,1.117375,96.4,0.6636
2615,1,2638.59,13628.83,0.123381,0.07309746307391332,1.016702,95.9,0.6671
2616,1,2639.25,13626.04,0.133013,0.07309501280223742,0.79325,96.5,0.663
2617,1,2639.92,13623.29,0.161096,0.07309256099527507,1.133838,95.4,0.6711
2618,1,2640.6,13620.56,0.099487,0.07309010765313317,0.918879,95.0,0.6739
2619,1,2641.27,13617.81,0.138611,0.07308765277591867,1.4316,95.6,0.6696
2620,1,2641.94,13615.07,0.145685,0.07308519636373856,1.003,95.5,0.67
2621,1,2642.61,13612.32,0.125632,0.07308273841669995,0.482822,96.2,0.6652
2622,1,2643.28,13609.59,0.12707,0.07308027893490994,0.324507,95.3,0.6716
2623,1,2643.98,13606.96,0.072955,0.07307781791847578,0.289849,93.1,0.6875
2624,1,2644.65,13604.23,0.105214,0.07307535536750474,0.392651,95.4,0.6705
2625,1,2645.34,13601.56,0.122615,0.07307289128210417,0.623585,93.7,0.6828
2626,1,2646.02,13598.89,0.10358,0.07307042566238146,0.397938,93.6,0.6839
2627,1,2646.69,13596.16,0.100375,0.07306795850844412,0.702466,95.4,0.6712
2628,1,2647.37,13593.45,0.135064,0.07306548982039969,0.446354,95.0,0.6737
2629,1,2648.04,13590.74,0.074306,0.07306301959835577,0.387233,94.8,0.6749
2630,1,2648.71,13587.98,0.088131,0.07306054784242004,0.847859,96.4,0.6642
2631,1,2649.37,13585.21,0.176069,0.07305807455270026,0.489393,96.6,0.6623
2632,1,2650.04,13582.45,0.097272,0.07305559972930423,0.800875,96.5,0.6634
2633,1,2650.72,13579.76,0.136014,0.07305312337233982,1.175606,94.6,0.6765
2634,1,2651.38,13577.0,0.08874,0.07305064548191502,0.933247,96.3,0.6644
2635,1,2652.05,13574.26,0.144359,0.0730481660581378,0.945642,96.1,0.6656
2636,1,2652.71,13571.5,0.11771,0.07304568510111627,0.749052,96.7,0.662
2637,1,2653.37,13568.73,0.095703,0.07304320261095858,0.672803,96.7,0.6621
2638,1,2654.04,13565.99,0.117303,0.07304071858777292,0.633068,96.1,0.6658
2639,1,2654.71,13563.26,0.090002,0.0730382330316676,0.904249,96.0,0.6663
2640,1,2655.37,13560.51,0.116383,0.07303574594275095,0.532896,96.6,0.6628
2641,1,2656.05,13557.8,0.092463,0.07303325732113138,0.650014,96.0,0.6666
2642,1,2656.71,13555.05,0.112575,0.07303076716691738,0.714959,96.7,0.6619
2643,1,2657.38,13552.31,0.10635,0.07302827548021751,0.755051,96.2,0.6656
2644,1,2658.05,13549.62,0.105759,0.07302578226114037,0.360443,95.0,0.6735
2645,1,2658.72,13546.9,0.092332,0.07302328750979466,0.630669,95.9,0.6675
2646,1,2659.39,13544.18,0.126759,0.07302079122628911,0.914089,95.9,0.6676
2647,1,2660.05,13541.45,0.151508,0.07301829341073256,0.686839,96.2,0.6656
2648,1,2660.73,13538.76,0.084297,0.07301579406323387,0.739468,95.1,0.6731
2649,1,2661.39,13536.02,0.082903,0.07301329318390198,0.42914,96.6,0.6624
2650,1,2662.06,13533.3,0.047353,0.07301079077284595,0.402494,96.2,0.6651
2651,1,2662.72,13530.56,0.078052,0.07300828683017482,0.426787,96.6,0.6625
2652,1,2663.39,13527.84,0.102265,0.07300578135599778,0.608955,96.3,0.6649
2653,1,2664.05,13525.12,0.086202,0.073003274350424,0.460195,96.1,0.6657
2654,1,2664.72,13522.4,0.142143,0.07300076581356281,1.436607,96.2,0.6653
2655,1,2665.39,13519.7,0.128206,0.07299825574552353,1.063732,95.9,0.6676
2656,1,2666.06,13517.0,0.073154,0.07299574414641559,0.852025,95.8,0.6679
2657,1,2666.73,13514.29,0.127266,0.07299323101634847,0.765788,96.0,0.6664
2658,1,2667.4,13511.59,0.11929,0.07299071635543171,0.762901,95.8,0.6682
2659,1,2668.06,13508.86,0.098004,0.07298820016377496,0.585882,96.7,0.6616
2660,1,2668.72,13506.15,0.055629,0.07298568244148786,0.54878,96.2,0.6655
2661,1,2669.39,13503.46,0.101617,0.0729831631886802,0.264705,96.4,0.664
2662,1,2670.06,13500.75,0.075677,0.07298064240546176,1.001984,96.4,0.6638
2663,1,2670.73,13498.05,0.130485,0.07297812009194246,0.587551,96.2,0.6651
2664,1,2671.39,13495.33,0.091173,0.07297559624823224,0.648974,96.8,0.6614
2665,1,2672.06,13492.63,0.184013,0.0729730708744411,0.812779,96.2,0.6654
2666,1,2672.72,13489.92,0.170967,0.07297054397067915,0.564581,96.5,0.6631
2667,1,2673.38,13487.19,0.075412,0.07296801553705652,0.516816,96.9,0.6607
2668,1,2674.05,13484.5,0.126672,0.07296548557368344,0.972973,96.2,0.6655
2669,1,2674.72,13481.81,0.11159,0.0729629540806702,0.659547,96.1,0.6657
2670,1,2675.38,13479.13,0.071513,0.07296042105812713,0.307656,95.7,0.6684
2671,1,2676.07,13476.54,0.105676,0.07295788650616467,1.218217,93.4,0.6851
2672,1,2676.73,13473.82,0.129593,0.07295535042489328,1.467417,96.9,0.6606
2673,1,2677.4,13471.13,0.144872,0.07295281281442353,0.818607,96.2,0.6651
2674,1,2678.07,13468.46,0.070018,0.07295027367486605,0.497162,95.7,0.669
2675,1,2678.74,13465.78,0.144797,0.07294773300633149,0.884823,96.0,0.6665
2676,1,2679.4,13463.11,0.147041,0.07294519080893062,1.494045,96.0,0.6668
2677,1,2680.07,13460.41,0.107731,0.07294264708277427,0.883271,96.5,0.6634
2678,1,2680.75,13457.79,0.061632,0.07294010182797331,0.971664,94.6,0.6763
2679,1,2681.41,13455.09,0.190245,0.0729375550446387,2.21909,96.7,0.6617
2680,1,2682.07,13452.39,0.139231,0.07293500673288142,0.640114,96.8,0.6609
2681,1,2682.74,13449.73,0.138802,0.0729324568928126,0.765333,96.5,0.6632
2682,1,2683.41,13447.07,0.059939,0.07292990552454337,0.613738,95.9,0.6674
2683,1,2684.08,13444.4,0.131938,0.07292735262818495,0.51764,96.1,0.6663
2684,1,2684.74,13441.73,0.17509,0.07292479820384863,0.638552,96.2,0.6655
2685,1,2685.41,13439.06,0.109343,0.07292224225164577,0.4969,96.2,0.6654
2686,1,2686.08,13436.38,0.121826,0.07291968477168777,0.81845,96.5,0.6631
2687,1,2838.83,14194.13,0.129566,0.07291712576408611,0.661496,0.2,152.7498
2688,2,2845.01,14218.71,0.088626,0.07291456522895234,0.840708,83.4,0.7671
2689,2,2845.72,14215.92,0.118967,0.07291200316639809,0.529599,91.1,0.7028
2690,2,2846.4,14212.97,0.124793,0.07290943957653505,1.048151,94.3,0.6787
2691,2,2847.09,14210.05,0.107478,0.07290687445947494,1.69404,93.6,0.6835
2692,2,2847.77,14207.11,0.074423,0.07290430781532961,1.168509,94.2,0.6792
2693,2,2848.46,14204.24,0.123362,0.07290173964421094,0.785686,92.5,0.692
2694,2,2849.15,14201.32,0.130471,0.07289916994623086,1.123002,93.6,0.6834
2695,2,2849.86,14198.53,0.108993,0.07289659872150138,1.055942,90.3,0.7086
2696,2,2850.55,14195.63,0.151299,0.07289402597013463,0.507141,93.3,0.6856
2697,2,2851.24,14192.77,0.08605,0.07289145169224272,0.742101,92.3,0.6936
2698,2,2851.93,14189.9,0.121374,0.07288887588793787,0.596754,92.7,0.6901
2699,2,2852.62,14186.98,0.175141,0.07288629855733236,0.508417,93.7,0.6827
2700,2,2853.33,14184.23,0.095524,0.07288371970053856,0.482943,89.7,0.7134
2701,2,2881.26,14316.72,0.145245,0.07288113931766886,0.52091,93.7,0.6828
2702,2,2881.93,14313.67,0.106585,0.07287855740883577,0.54874,96.2,0.6656
2703,2,2882.6,14310.61,0.106566,0.0728759739741518,0.946587,96.5,0.6634
2704,2,2883.29,14307.68,0.164477,0.0728733890137296,0.874003,92.9,0.6888
2705,2,2883.96,14304.66,0.128383,0.07287080252768184,0.691115,95.3,0.6716
2706,2,2884.63,14301.64,0.079505,0.07286821451612127,0.692372,95.7,0.669
2707,2,2885.3,14298.62,0.114874,0.07286562497916071,0.737652,95.4,0.6706
2708,2,2885.98,14295.62,0.169167,0.07286303391691303,0.763616,95.0,0.6735
2709,2,2886.66,14292.67,0.119068,0.07286044132949117,1.229118,93.6,0.6841
2710,2,2887.33,14289.63,0.161366,0.07285784721700818,1.35093,96.3,0.6647
2711,2,2888.0,14286.61,0.151287,0.0728552515795771,1.809542,95.6,0.6697
2712,2,2888.69,14283.68,0.109343,0.0728526544173111,1.282379,93.2,0.6865
2713,2,2889.36,14280.66,0.146177,0.0728500557303234,0.698415,95.7,0.6691
2714,2,2890.05,14277.74,0.110601,0.07284745551872725,0.665226,93.2,0.6866
2715,2,2890.75,14274.85,0.160198,0.07284485378263603,1.210686,92.1,0.6951
2716,2,2891.53,14272.38,0.134341,0.07284225052216312,1.204588,82.2,0.7787
2717,2,2892.2,14269.39,0.11201,0.07283964573742203,0.977462,95.2,0.6721
2718,2,2893.02,14267.15,0.121399,0.0728370394285263,1.091643,77.6,0.8248
2719,2,2893.8,14264.64,0.133656,0.07283443159558954,0.780171,83.2,0.7695
2720,2,2894.94,14263.97,0.102649,0.07283182223872542,0.408005,56.0,1.1432
2721,2,2895.88,14262.31,0.075952,0.0728292113580477,0.417849,68.6,0.9332
2722,2,2896.72,14260.11,0.081487,0.07282659895367016,0.474691,77.0,0.8315
2723,2,2897.49,14257.61,0.122558,0.07282398502570672,0.786276,83.0,0.7709
2724,2,2898.29,14255.26,0.14024,0.07282136957427131,0.689448,80.0,0.8
2725,2,2899.11,14252.99,0.12229,0.07281875259947793,0.393804,78.3,0.8178
2726,2,2899.9,14250.57,0.15359,0.07281613410144065,0.928981,81.3,0.7873
2727,2,2900.77,14248.53,0.176094,0.07281351408027363,1.632463,74.2,0.8631
2728,2,2901.59,14246.31,0.163144,0.07281089253609109,0.609152,77.5,0.8256
2729,2,2902.28,14243.4,0.137777,0.07280826946900729,0.523888,93.3,0.6856
2730,2,2902.94,14240.36,0.126022,0.07280564487913657,0.439666,97.0,0.66
2731,2,2903.61,14237.38,0.150194,0.07280301876659336,0.619807,95.5,0.6703
2732,2,2904.3,14234.49,0.100116,0.0728003911314921,1.229759,93.2,0.6871
2733,2,2904.98,14231.52,0.170977,0.07279776197394736,1.963746,94.9,0.6745
2734,2,2905.66,14228.6,0.127403,0.07279513129407375,1.032275,94.1,0.68
2735,2,2906.33,14225.63,0.081037,0.07279249909198594,0.523393,95.1,0.6728
2736,2,2907.01,14222.69,0.135676,0.07278986536779868,1.040603,94.6,0.6767
2737,2,2907.69,14219.73,0.153091,0.07278723012162674,0.774982,94.9,0.6742
2738,2,2908.35,14216.73,0.080844,0.07278459335358504,0.329847,96.2,0.665
2739,2,2909.03,14213.78,0.136901,0.07278195506378848,0.640955,94.9,0.6741
2740,2,2909.71,14210.84,0.081574,0.0727793152523521,0.766886,94.8,0.6753
2741,2,2910.39,14207.93,0.101382,0.07277667391939095,0.70868,94.7,0.6756
2742,2,2911.07,14204.99,0.133986,0.07277403106502019,0.730039,94.7,0.6756
2743,2,2911.76,14202.12,0.120887,0.072771386689355,0.866844,92.8,0.6893
2744,2,2912.44,14199.21,0.104444,0.07276874079251067,0.537873,93.9,0.6812
2745,2,2913.12,14196.28,0.097553,0.07276609337460255,0.600671,94.7,0.6761
2746,2,2913.78,14193.28,0.126406,0.072763444435746,1.273517,96.7,0.6619
2747,2,2914.45,14190.29,0.181419,0.07276079397605653,1.473053,96.4,0.664
2748,2,2915.13,14187.37,0.132473,0.07275814199564967,1.037297,94.7,0.6761
2749,2,2915.8,14184.45,0.178573,0.07275548849464102,1.287535,94.4,0.678
2750,2,2916.48,14181.51,0.123069,0.07275283347314623,1.333775,95.1,0.6727
2751,2,2917.15,14178.57,0.134409,0.07275017693128107,1.007654,95.2,0.672
2752,2,2917.82,14175.6,0.170613,0.07274751886916132,1.073829,96.0,0.667
2753,2,2918.49,14172.64,0.168687,0.07274485928690287,1.571025,96.1,0.6663
2754,2,2919.16,14169.67,0.127359,0.07274219818462163,0.477764,96.1,0.6661
2755,2,2919.83,14166.73,0.118472,0.07273953556243361,0.740788,95.5,0.6703
2756,2,2920.5,14163.78,0.098451,0.07273687142045487,0.775907,95.7,0.6686
2757,2,2921.17,14160.84,0.149568,0.07273420575880156,0.520983,95.3,0.6714
2758,2,2921.85,14157.95,0.121176,0.07273153857758988,1.102248,94.2,0.6795
2759,2,2922.53,14155.02,0.126787,0.07272886987693607,1.421521,95.2,0.6722
2760,2,2923.2,14152.12,0.185925,0.07272619965695648,1.05088,94.6,0.6763
2761,2,2923.87,14149.18,0.131648,0.07272352791776751,0.35776,96.4,0.6637
2762,2,2924.55,14146.26,0.134791,0.07272085465948563,0.539394,95.1,0.673
2763,2,2925.24,14143.43,0.07013,0.07271817988222737,0.534797,92.6,0.6909
2764,2,2925.91,14140.51,0.123732,0.07271550358610931,0.688819,95.4,0.671
2765,2,2926.61,14137.67,0.132078,0.07271282577124813,0.805672,92.8,0.6895
2766,2,2927.28,14134.77,0.110479,0.07271014643776054,0.383013,94.7,0.6756
2767,2,2927.96,14131.86,0.090848,0.07270746558576335,0.498271,95.1,0.6733
2768,2,2928.64,14129.01,0.060652,0.07270478321537344,0.442404,93.7,0.6832
2769,2,2929.3,14126.03,0.138949,0.0727020993267077,0.395231,97.0,0.6601
2770,2,2929.98,14123.13,0.130562,0.07269941391988313,0.395195,95.1,0.6729
2771,2,2930.66,14120.24,0.14665,0.07269672699501682,0.474782,94.7,0.6762
2772,2,2931.33,14117.34,0.069958,0.07269403855222586,0.390766,94.9,0.6745
2773,2,2932.01,14114.46,0.16983,0.07269134859162749,0.610944,94.5,0.6774
2774,2,2932.69,14111.58,0.080628,0.07268865711333891,0.996956,94.5,0.6775
2775,2,2933.36,14108.67,0.150095,0.07268596411747749,0.983115,95.6,0.6693
2776,2,2934.04,14105.79,0.139362,0.0726832696041606,1.158771,94.5,0.6775
2777,2,2934.7,14102.85,0.10565,0.07268057357350573,1.098943,96.6,0.6624
2778,2,2935.38,14099.98,0.092296,0.07267787602563036,0.67717,94.5,0.6775
2779,2,2936.08,14097.18,0.164494,0.0726751769606521,0.548931,92.4,0.6924
2780,2,2936.77,14094.36,0.088645,0.07267247637868861,0.875198,93.0,0.6884
2781,2,2937.47,14091.61,0.121704,0.07266977427985759,0.705842,92.2,0.6943
2782,2,2938.14,14088.73,0.090725,0.07266707066427686,0.556546,94.9,0.6741
2783,2,2938.83,14085.9,0.117375,0.07266436553206425,0.795526,93.4,0.6849
2784,2,2939.53,14083.12,0.171983,0.07266165888333768,1.066564,92.3,0.6936
2785,2,2940.2,14080.24,0.155885,0.07265895071821515,1.222495,95.0,0.674
2786,2,2940.9,14077.48,0.172424,0.07265624103681471,1.02454,91.7,0.698
2787,2,2941.6,14074.7,0.092772,0.07265352983925447,0.713651,92.5,0.6922
2788,2,2942.27,14071.81,0.105384,0.07265081712565262,0.961129,95.3,0.6718
2789,2,2942.94,14068.92,0.127328,0.07264810289612741,0.673578,95.7,0.6686
2790,2,2943.62,14066.06,0.110967,0.07264538715079717,0.531837,94.7,0.6756
2791,2,2944.29,14063.2,0.099468,0.07264266988978026,0.813779,94.6,0.6767
2792,2,2944.99,14060.42,0.135146,0.07263995111319514,0.811787,92.5,0.6919
2793,2,2945.65,14057.51,0.075068,0.07263723082116032,0.37328,96.3,0.6646
2794,2,2946.34,14054.71,0.13558,0.07263450901379438,1.038,93.0,0.688
2795,2,2947.01,14051.83,0.143265,0.07263178569121598,0.713861,95.5,0.67
2796,2,2947.7,14049.0,0.102246,0.07262906085354383,0.428839,93.9,0.6815
2797,2,2948.37,14046.14,0.059013,0.0726263345008967,0.673412,95.2,0.6724
2798,2,2949.04,14043.25,0.130725,0.07262360663339344,0.719256,95.8,0.6681
2799,2,2949.73,14040.45,0.118604,0.07262087725115296,1.36906,93.5,0.6843
2800,2,2950.39,14037.54,0.150959,0.07261814635429426,1.344621,96.6,0.6627
2801,2,2951.12,14034.95,0.118078,0.07261541394293633,1.163526,93.3,0.6861
2802,2,2951.81,14032.14,0.139685,0.07261268001719834,0.654016,93.8,0.6824
2803,2,2952.47,14029.23,0.074275,0.07260994457719941,0.652139,96.7,0.6618
2804,2,2953.16,14026.44,0.109003,0.07260720762305882,0.364599,93.2,0.6869
2805,2,2953.84,14023.62,0.121889,0.07260446915489586,1.441972,94.3,0.6788
2806,2,2954.52,14020.81,0.147967,0.0726017291728299,1.868063,93.9,0.6815
2807,2,2955.19,14017.94,0.116927,0.07259898767698042,1.315828,95.6,0.6694
2808,2,2955.85,14015.03,0.118764,0.07259624466746688,1.49881,97.1,0.6589
2809,2,2956.53,14012.22,0.142434,0.07259350014440885,1.476018,94.2,0.6797
2810,2,2957.21,14009.38,0.145069,0.072590754107926,1.280966,94.9,0.6745
2811,2,2957.88,14006.54,0.11326,0.072588006558138,0.41934,95.1,0.6731
2812,2,2958.56,14003.7,0.133724,0.07258525749516465,0.828654,95.1,0.6729
2813,2,2959.23,14000.86,0.10599,0.07258250691912577,0.8509,95.1,0.6729
2814,2,2959.9,13998.01,0.073232,0.07257975483014126,0.604851,95.6,0.6695
2815,2,2960.58,13995.19,0.102035,0.07257700122833109,0.722877,94.6,0.6767
2816,2,2961.25,13992.32,0.082707,0.07257424611381529,0.681478,96.3,0.6647
2817,2,2961.92,13989.49,0.143864,0.07257148948671396,0.597841,95.1,0.6729
2818,2,2962.61,13986.71,0.098929,0.07256873134714727,0.557523,93.4,0.6855
2819,2,2963.29,13983.92,0.136906,0.07256597169523545,0.87137,94.1,0.6803
2820,2,2964.1,13981.72,0.08258,0.07256321053109878,0.618238,79.4,0.8057
2821,2,2964.8,13979.01,0.119482,0.07256044785485764,0.60363,92.6,0.6911
2822,2,2965.47,13976.18,0.107646,0.07255768366663246,0.419317,94.9,0.6741
2823,2,2966.15,13973.36,0.096333,0.07255491796654373,0.544798,95.2,0.6722
2824,2,2966.82,13970.53,0.173992,0.07255215075471201,0.460129,95.2,0.6723
2825,2,2967.49,13967.7,0.104348,0.07254938203125794,0.511035,95.5,0.6701
2826,2,2968.16,13964.86,0.144138,0.07254661179630217,0.729878,95.6,0.6691
2827,2,2968.84,13962.04,0.178945,0.0725438400499655,0.472833,95.2,0.6722
2828,2,2969.52,13959.25,0.085089,0.07254106679236876,0.521338,94.3,0.6788
2829,2,2970.2,13956.49,0.072073,0.0725382920236328,1.07987,93.5,0.6844
2830,2,2970.87,13953.63,0.112838,0.07253551574387859,1.323165,96.5,0.6633
2831,2,2971.53,13950.77,0.197672,0.07253273795322716,1.733713,96.5,0.6631
2832,2,2972.21,13947.97,0.167864,0.07252995865179962,1.016287,94.8,0.6752
2833,2,2972.88,13945.15,0.132617,0.07252717783971709,0.778039,95.6,0.6696
2834,2,2973.57,13942.41,0.151763,0.07252439551710078,0.666116,93.2,0.6867
2835,2,2974.24,13939.58,0.172476,0.07252161168407201,1.265992,95.6,0.6696
2836,2,2974.92,13936.79,0.160762,0.07251882634075213,1.418571,94.8,0.6753
2837,2,2975.61,13934.07,0.164396,0.07251603948726251,1.503315,92.8,0.69
2838,2,2976.28,13931.23,0.108265,0.07251325112372468,0.996511,96.1,0.6661
2839,2,2976.94,13928.38,0.100179,0.07251046125026017,0.821868,96.7,0.662
2840,2,2977.62,13925.64,0.133065,0.07250766986699062,0.457135,93.5,0.6843
2841,2,2978.3,13922.86,0.125192,0.07250487697403765,0.621574,95.1,0.673
2842,2,2978.97,13920.04,0.11877,0.07250208257152306,0.56209,95.9,0.6675
2843,2,2979.65,13917.28,0.104011,0.07249928665956865,0.878324,94.0,0.6806
2844,2,2980.34,13914.53,0.103377,0.07249648923829627,0.439575,93.9,0.6816
2845,2,2981.02,13911.77,0.105602,0.07249369030782789,0.739473,94.1,0.6798
2846,2,2981.71,13909.04,0.078283,0.07249088986828553,0.437576,93.4,0.6854
2847,2,2982.38,13906.23,0.135169,0.07248808791979125,1.079658,95.8,0.6677
2848,2,2983.06,13903.5,0.132844,0.07248528446246717,1.206794,93.3,0.6858
2849,2,2983.74,13900.73,0.123501,0.07248247949643552,1.634854,94.6,0.6763
2850,2,2984.44,13898.06,0.154385,0.07247967302181857,0.96546,91.9,0.6966
2851,2,2985.14,13895.39,0.129762,0.07247686503873867,0.480762,91.9,0.6968
2852,2,2985.91,13893.05,0.098689,0.0724740555473182,0.603305,83.5,0.7666
2853,2,2986.58,13890.27,0.117326,0.07247124454767963,1.064785,95.0,0.6736
2854,2,2987.26,13887.5,0.128917,0.07246843203994552,0.821999,94.9,0.6746
2855,2,2987.92,13884.69,0.071566,0.07246561802423844,0.702,96.4,0.6642
2856,2,2988.6,13881.94,0.125998,0.07246280250068107,0.718883,94.1,0.6802
2857,2,2989.27,13879.15,0.098713,0.07245998546939617,0.480394,95.8,0.6684
2858,2,2989.95,13876.38,0.127717,0.07245716693050648,0.61098,95.1,0.6733
2859,2,2990.62,13873.6,0.098903,0.07245434688413492,0.521215,95.4,0.6712
2860,2,2991.31,13870.9,0.094895,0.07245152533040439,0.847456,93.1,0.6876
2861,2,2991.99,13868.15,0.15744,0.07244870226943789,1.17584,95.4,0.6707
2862,2,2992.66,13865.37,0.106661,0.07244587770135848,1.302459,95.6,0.6698
2863,2,2993.35,13862.65,0.147342,0.07244305162628928,1.094081,93.7,0.683
2864,2,2994.03,13859.95,0.177227,0.07244022404435349,0.627633,93.4,0.6852
2865,2,2994.72,13857.24,0.084471,0.07243739495567438,0.513261,93.3,0.6857
2866,2,2995.4,13854.5,0.072487,0.07243456436037524,0.529098,94.4,0.6777
2867,2,2996.07,13851.71,0.094544,0.07243173225857949,0.470764,96.1,0.6663
2868,2,2996.74,13848.94,0.107991,0.07242889865041058,0.677079,95.8,0.668
2869,2,2997.42,13846.2,0.142629,0.07242606353599203,0.49466,94.4,0.6781
2870,2,2998.09,13843.45,0.124186,0.07242322691544742,0.561673,94.9,0.6744
2871,2,2998.77,13840.73,0.080075,0.0724203887889004,0.409305,94.3,0.6784
2872,2,2999.44,13837.96,0.142121,0.0724175491564747,0.42477,95.6,0.6694
2873,2,3000.12,13835.23,0.089113,0.07241470801829411,1.408515,94.3,0.6784
2874,2,3000.79,13832.47,0.18762,0.07241186537448245,1.615195,95.6,0.6696
2875,2,3001.47,13829.73,0.127686,0.07240902122516366,0.434563,95.1,0.6726
2876,2,3002.15,13826.99,0.11935,0.0724061755704617,0.740354,94.7,0.6758
2877,2,3002.82,13824.27,0.148195,0.07240332841050062,0.72454,94.6,0.6768
2878,2,3003.5,13821.53,0.088595,0.07240047974540455,0.393835,95.0,0.6739
2879,2,3004.18,13818.83,0.092489,0.07239762957529765,0.620818,93.7,0.6832
2880,2,3004.85,13816.04,0.117242,0.07239477790030416,1.198878,96.8,0.661
2881,2,3005.52,13813.31,0.148665,0.07239192472054841,0.641714,95.5,0.6704
2882,2,3006.2,13810.57,0.090913,0.07238907003615475,0.369232,95.1,0.673
2883,2,3006.87,13807.82,0.094994,0.07238621384724762,0.505414,95.5,0.6703
2884,2,3007.53,13805.04,0.10758,0.07238335615395156,0.614492,96.6,0.6625
2885,2,3008.21,13802.32,0.097152,0.07238049695639108,0.76558,95.0,0.6737
2886,2,3008.89,13799.6,0.092444,0.07237763625469087,0.478851,94.6,0.6763
2887,2,3009.57,13796.89,0.091595,0.07237477404897562,0.628116,94.7,0.6761
2888,2,3010.24,13794.17,0.124944,0.07237191033937007,0.892037,95.0,0.6739
2889,2,3010.92,13791.43,0.10222,0.07236904512599908,0.868334,95.4,0.6706
2890,2,3011.6,13788.74,0.114087,0.07236617840898756,0.853559,94.0,0.6805
2891,2,3012.28,13786.05,0.053792,0.07236331018846044,0.809726,94.2,0.6796
2892,2,3012.96,13783.36,0.135542,0.07236044046454276,0.643429,94.0,0.6805
2893,2,3013.64,13780.64,0.132915,0.07235756923735961,1.171198,95.0,0.6735
2894,2,3014.32,13777.96,0.088737,0.07235469650703619,0.878889,94.0,0.6805
2895,2,3015.0,13775.28,0.147657,0.07235182227369766,0.729752,94.1,0.6803
2896,2,3015.67,13772.54,0.102458,0.07234894653746937,0.763386,95.5,0.6699
2897,2,3016.35,13769.83,0.102567,0.07234606929847666,0.632694,95.1,0.673
2898,2,3017.01,13767.08,0.079122,0.07234319055684495,0.404002,96.2,0.6653
2899,2,3017.69,13764.35,0.114128,0.0723403103126997,0.553845,95.5,0.67
2900,2,3018.35,13761.61,0.088917,0.07233742856616648,0.934621,96.0,0.6669
2901,2,3019.03,13758.93,0.112589,0.07233454531737095,0.866896,95.0,0.6733
2902,2,3019.71,13756.21,0.084662,0.07233166056643875,1.307186,95.6,0.6691
2903,2,3020.39,13753.56,0.080812,0.07232877431349564,1.027051,93.5,0.6846
2904,2,3021.07,13750.87,0.08996,0.07232588655866744,0.682476,94.4,0.6776
2905,2,3021.75,13748.18,0.134596,0.07232299730208001,0.413502,94.8,0.6751
2906,2,3022.42,13745.47,0.112233,0.07232010654385934,0.646086,95.2,0.6725
2907,2,3023.1,13742.77,0.116572,0.0723172142841314,0.655264,95.1,0.673
2908,2,3023.77,13740.07,0.123608,0.0723143205230223,1.160198,95.2,0.6723
2909,2,3024.43,13737.32,0.121173,0.07231142526065816,1.117421,96.7,0.6621
2910,2,3025.1,13734.59,0.040121,0.07230852849716521,0.502087,95.9,0.6675
2911,2,3025.77,13731.87,0.123211,0.07230563023266968,0.894008,96.1,0.666
2912,2,3026.46,13729.22,0.12748,0.07230273046729796,0.897977,93.8,0.6826
2913,2,3027.13,13726.52,0.132004,0.07229982920117643,0.482069,95.3,0.6715
2914,2,3027.81,13723.84,0.070533,0.07229692643443157,1.655592,94.7,0.6759
2915,2,3028.48,13721.15,0.166877,0.0722940221671899,1.430741,95.0,0.6739
2916,2,3029.17,13718.5,0.095714,0.07229111639957803,0.585383,93.9,0.6817
2917,2,3029.83,13715.77,0.101892,0.07228820913172262,0.441514,96.5,0.6629
2918,2,3030.51,13713.09,0.125971,0.07228530036375042,0.421685,95.0,0.6735
2919,2,3031.18,13710.39,0.098289,0.0722823900957882,0.482116,95.4,0.6707
2920,2,3031.85,13707.72,0.141216,0.07227947832796285,0.475622,94.7,0.676
2921,2,3032.53,13705.05,0.113772,0.07227656506040127,0.382141,95.6,0.6695
2922,2,3033.21,13702.37,0.098079,0.07227365029323046,0.466004,95.2,0.6724
2923,2,3033.88,13699.67,0.109997,0.07227073402657751,0.512323,95.6,0.6692
2924,2,3034.55,13697.0,0.163129,0.07226781626056951,0.478429,95.0,0.6735
2925,2,3035.22,13694.28,0.098934,0.07226489699533366,0.907768,96.5,0.6632
2926,2,3035.89,13691.6,0.095557,0.07226197623099721,1.63815,95.2,0.6726
2927,2,3036.56,13688.91,0.204255,0.07225905396768749,1.561053,95.5,0.6699
2928,2,3037.24,13686.24,0.100637,0.07225613020553187,1.849485,95.1,0.6732
2929,2,3037.91,13683.54,0.244964,0.07225320494465781,1.77206,96.1,0.6662
2930,2,3038.58,13680.85,0.088068,0.07225027818519283,0.721931,95.6,0.6693
2931,2,3039.25,13678.18,0.119588,0.07224734992726452,0.791923,95.2,0.6726
2932,2,3039.91,13675.47,0.11282,0.07224442017100051,0.842712,96.5,0.6629
2933,2,3040.59,13672.8,0.131148,0.07224148891652851,0.75878,95.2,0.6721
2934,2,3041.26,13670.11,0.209505,0.0722385561639763,0.586284,95.9,0.6673
2935,2,3041.93,13667.45,0.124097,0.07223562191347173,0.574958,94.9,0.6741
2936,2,3042.61,13664.79,0.133876,0.0722326861651427,1.149806,95.1,0.6732
2937,2,3043.28,13662.11,0.17577,0.07222974891911718,0.898845,95.6,0.6691
2938,2,3043.95,13659.45,0.170317,0.07222681017552322,0.408461,95.1,0.6733
2939,2,3044.62,13656.78,0.050318,0.07222386993448893,0.657511,95.7,0.6685
2940,2,3045.29,13654.08,0.118071,0.07222092819614245,1.126381,96.5,0.6631
2941,2,3045.96,13651.43,0.141132,0.07221798496061203,1.532295,95.6,0.6695
2942,2,3046.64,13648.78,0.139574,0.07221504022802598,1.384172,94.8,0.6751
2943,2,3047.31,13646.11,0.147355,0.07221209399851265,0.857227,95.7,0.6689
2944,2,3047.98,13643.44,0.082357,0.07220914627220047,0.429649,95.8,0.6678
2945,2,3048.65,13640.77,0.08213,0.07220619704921795,0.616998,95.6,0.6691
2946,2,3049.32,13638.1,0.136102,0.07220324632969363,1.154597,96.0,0.667
2947,2,3049.99,13635.44,0.149382,0.07220029411375616,1.407379,95.6,0.6695
2948,2,3050.65,13632.73,0.129735,0.07219734040153421,1.073133,96.9,0.6601
2949,2,3051.32,13630.06,0.141954,0.07219438519315653,0.402424,95.9,0.6671
2950,2,3051.99,13627.41,0.115419,0.07219142848875199,1.057453,95.4,0.6711
2951,2,3052.68,13624.8,0.156217,0.07218847028844942,1.019048,94.1,0.6802
2952,2,3053.35,13622.15,0.107503,0.07218551059237781,0.695536,95.4,0.6707
2953,2,3054.02,13619.49,0.157231,0.07218254940066615,1.061698,95.8,0.668
2954,2,3054.68,13616.79,0.094473,0.07217958671344353,0.994501,96.9,0.6602
2955,2,3055.35,13614.15,0.136597,0.0721766225308391,0.871742,95.2,0.6726
2956,2,3056.02,13611.49,0.120624,0.07217365685298209,0.725243,95.9,0.6673
2957,2,3056.69,13608.83,0.141017,0.07217068968000175,0.45327,96.1,0.6656
2958,2,3057.36,13606.18,0.122445,0.07216772101202742,0.589569,95.9,0.6675
2959,2,3058.03,13603.52,0.131359,0.07216475084918852,0.624186,95.8,0.6679
2960,2,3058.7,13600.88,0.114639,0.07216177919161455,0.637429,95.5,0.6698
2961,2,3059.38,13598.28,0.145069,0.07215880603943502,0.820642,95.2,0.6723
2962,2,3060.05,13595.64,0.131655,0.07215583139277953,0.680547,95.3,0.6715
2963,2,3060.72,13593.0,0.073024,0.07215285525177775,0.749247,95.5,0.6703
2964,2,3061.39,13590.32,0.106143,0.07214987761655944,0.682667,97.0,0.66
2965,2,3062.05,13587.66,0.059858,0.07214689848725436,0.426215,96.4,0.6638
2966,2,3062.72,13585.03,0.096048,0.07214391786399241,0.540039,95.4,0.671
2967,2,3063.4,13582.41,0.120836,0.0721409357469035,0.538728,94.9,0.6743
2968,2,3064.07,13579.77,0.081507,0.07213795213611761,1.35211,95.9,0.6673
2969,2,3064.75,13577.16,0.178297,0.07213496703176482,1.850263,94.8,0.6754
2970,2,3065.43,13574.6,0.152475,0.07213198043397526,0.733045,93.2,0.6865
2971,2,3066.11,13571.99,0.107834,0.0721289923428791,0.620889,95.1,0.6732
2972,2,3066.78,13569.39,0.111043,0.07212600275860663,0.466003,94.7,0.6757
2973,2,3067.46,13566.77,0.075858,0.07212301168128814,0.758232,95.3,0.6716
2974,2,3068.13,13564.15,0.178128,0.072120019111054,1.415224,95.5,0.6705
2975,2,3068.8,13561.53,0.133913,0.07211702504803469,1.799023,95.4,0.6708
2976,2,3069.48,13558.93,0.13883,0.07211402949236072,0.777311,94.7,0.6757
2977,2,3070.16,13556.33,0.122819,0.07211103244416266,0.501851,94.9,0.6746
2978,2,3070.84,13553.77,0.10088,0.07210803390357115,0.5539,93.6,0.6839
2979,2,3071.51,13551.15,0.173028,0.07210503387071693,0.562688,95.8,0.6684
2980,2,3072.18,13548.53,0.121001,0.07210203234573075,0.714849,95.6,0.6693
2981,2,3072.89,13546.05,0.098028,0.07209902932874344,1.109917,92.2,0.6939
2982,2,3073.56,13543.46,0.102657,0.07209602481988595,0.912065,94.9,0.6743
2983,2,3074.23,13540.84,0.07084,0.0720930188192892,0.441043,95.7,0.6687
2984,2,3074.9,13538.23,0.072207,0.07209001132708426,0.472218,95.2,0.6722
2985,2,3075.58,13535.63,0.152672,0.07208700234340222,0.572419,95.5,0.6703
2986,2,3076.24,13532.97,0.09756,0.07208399186837423,0.661314,97.0,0.6599
2987,2,3076.91,13530.38,0.104687,0.07208097990213154,0.790298,94.9,0.6742
2988,2,3077.58,13527.76,0.127575,0.07207796644480544,0.485423,96.2,0.6656
2989,2,3078.25,13525.15,0.048066,0.07207495149652729,0.567924,95.5,0.6699
2990,2,3078.92,13522.54,0.125145,0.07207193505742852,0.874687,95.8,0.6684
2991,2,3079.59,13519.93,0.150535,0.07206891712764063,0.844258,95.6,0.6694
2992,2,3080.26,13517.32,0.117811,0.07206589770729516,0.905247,96.1,0.6662
2993,2,3080.93,13514.71,0.123932,0.07206287679652373,0.732523,96.1,0.6662
2994,2,3081.6,13512.13,0.099186,0.07205985439545802,0.398525,95.0,0.6734
2995,2,3082.28,13509.53,0.098688,0.0720568305042298,0.621679,95.5,0.6702
2996,2,3082.97,13507.03,0.133866,0.07205380512297085,0.558494,92.7,0.6903
2997,2,3083.65,13504.48,0.10421,0.0720507782518131,1.376531,94.0,0.6807
2998,2,3084.32,13501.88,0.136378,0.07204774989088847,1.17386,95.7,0.6686
2999,2,3084.99,13499.29,0.128838,0.07204472004032896,0.538404,95.3,0.6713
3000,2,3085.67,13496.7,0.088063,0.07204168870026666,0.488752,95.5,0.6701
3001,2,3189.85,13946.67,0.129376,0.07203865587083369,0.949789,93.6,0.6838
3002,2,3190.52,13943.92,0.145739,0.0720356215521623,0.855866,94.8,0.6754
3003,2,3191.21,13941.23,0.12476,0.0720325857443847,0.717478,93.0,0.6882
3004,2,3191.9,13938.54,0.194333,0.07202954844763328,0.518403,92.9,0.689
3005,2,3192.58,13935.82,0.112855,0.0720265096620404,0.572223,94.2,0.6797
3006,2,3193.25,13933.03,0.065311,0.07202346938773854,0.465893,96.2,0.6653
3007,2,3193.93,13930.28,0.104112,0.07202042762486023,0.688275,95.1,0.6729
3008,2,3194.61,13927.56,0.053775,0.07201738437353807,1.03896,94.0,0.6807
3009,2,3195.3,13924.89,0.10298,0.0720143396339047,0.919433,92.6,0.6909
3010,2,3196.02,13922.34,0.111992,0.07201129340609287,0.422942,88.9,0.7202
3011,2,3196.71,13919.66,0.142409,0.07200824569023534,0.669908,92.9,0.6888
3012,2,3197.51,13917.47,0.133037,0.07200519648646499,0.450555,80.0,0.8001
3013,2,3198.41,13915.68,0.15763,0.07200214579491473,0.586584,71.7,0.8921
3014,2,3199.09,13912.95,0.091583,0.07199909361571753,0.74084,94.5,0.6772
3015,2,3199.77,13910.24,0.125337,0.07199603994900647,0.916994,94.0,0.6808
3016,2,3200.45,13907.54,0.154501,0.07199298479491463,1.73917,94.0,0.6808
3017,2,3201.14,13904.85,0.157736,0.0719899281535752,1.74788,93.5,0.6842
3018,2,3201.83,13902.17,0.07337,0.07198687002512144,0.807047,93.2,0.6863
3019,2,3202.52,13899.5,0.142712,0.07198381040968664,0.711136,92.9,0.6892
3020,2,3203.19,13896.76,0.192962,0.07198074930740417,0.511394,94.9,0.6744
3021,2,3203.86,13893.99,0.109262,0.07197768671840747,0.34645,96.9,0.6608
3022,2,3204.53,13891.25,0.051433,0.07197462264283006,0.436068,95.3,0.6718
3023,2,3205.2,13888.51,0.109004,0.07197155708080548,0.512722,95.4,0.6711
3024,2,3205.88,13885.77,0.093791,0.07196849003246736,0.410532,95.4,0.6712
3025,2,3206.55,13883.03,0.070518,0.07196542149794943,0.467708,95.4,0.6708
3026,2,3207.22,13880.3,0.127307,0.07196235147738544,0.591361,95.2,0.6719
3027,2,3207.9,13877.59,0.113427,0.0719592799709092,0.415809,94.5,0.6774
3028,2,3208.58,13874.88,0.132507,0.07195620697865461,0.897416,94.7,0.6758
3029,2,3209.24,13872.1,0.080789,0.07195313250075563,0.814952,96.9,0.6602
3030,2,3209.93,13869.42,0.156801,0.07195005653734626,0.873694,93.7,0.683
3031,2,3210.6,13866.7,0.115941,0.07194697908856061,0.528801,95.1,0.673
3032,2,3211.27,13863.97,0.143194,0.07194390015453282,0.752611,95.3,0.6717
3033,2,3211.95,13861.26,0.101383,0.07194081973539712,0.71403,94.9,0.6741
3034,2,3212.63,13858.58,0.121584,0.07193773783128776,0.789326,93.8,0.6824
3035,2,3213.31,13855.86,0.120157,0.07193465444233911,0.545012,95.2,0.6725
3036,2,3213.99,13853.18,0.153642,0.07193156956868557,0.66345,94.0,0.6812
3037,2,3214.67,13850.48,0.125332,0.07192848321046161,0.975031,94.6,0.6766
3038,2,3215.34,13847.76,0.10236,0.07192539536780175,1.162535,95.2,0.6723
3039,2,3216.01,13845.02,0.176217,0.07192230604084064,1.066389,96.0,0.6666
3040,2,3216.69,13842.36,0.158183,0.07191921522971292,1.430541,93.7,0.683
3041,2,3217.38,13839.69,0.180731,0.07191612293455332,1.357818,94.4,0.6778
3042,2,3218.05,13836.98,0.115944,0.07191302915549665,0.442139,95.1,0.6732
3043,2,3218.74,13834.32,0.128351,0.07190993389267775,0.667348,93.5,0.6842
3044,2,3219.41,13831.62,0.142452,0.07190683714623156,1.472986,95.2,0.6725
3045,2,3220.09,13828.94,0.174545,0.07190373891629306,1.900394,94.1,0.6801
3046,2,3220.92,13826.92,0.096796,0.07190063920299733,0.937258,77.1,0.8301
3047,2,3221.74,13824.82,0.141922,0.07189753800647948,0.410613,78.7,0.8135
3048,2,3222.52,13822.57,0.077397,0.0718944353268747,0.487031,82.1,0.7792
3049,2,3223.34,13820.49,0.105051,0.07189133116431821,1.047289,78.5,0.8151
3050,2,3224.22,13818.68,0.157625,0.07188822551894536,1.30116,72.8,0.8795
3051,2,3224.97,13816.3,0.132112,0.07188511839089151,0.870953,85.6,0.7476
3052,2,3225.84,13814.48,0.096482,0.0718820097802921,0.556008,73.1,0.8753
3053,2,3226.7,13812.55,0.134564,0.07187889968728267,1.121711,75.1,0.8526
3054,2,3227.49,13810.35,0.136994,0.07187578811199877,1.098425,81.2,0.7879
3055,2,3228.31,13808.28,0.136331,0.07187267505457602,0.881818,78.1,0.8194
3056,2,3229.15,13806.32,0.136274,0.07186956051515016,0.872004,75.9,0.8427
3057,2,3229.87,13803.83,0.142985,0.07186644449385693,1.535579,88.9,0.7201
3058,2,3230.55,13801.13,0.175177,0.07186332699083217,0.891536,95.5,0.6698
3059,2,3231.23,13798.5,0.134143,0.07186020800621178,0.544763,93.2,0.687
3060,2,3231.92,13795.88,0.090686,0.0718570875401317,0.527409,93.1,0.6875
3061,2,3232.61,13793.25,0.098187,0.071853965592728,0.446136,94.0,0.6808
3062,2,3233.31,13790.66,0.126916,0.07185084216413672,0.541371,92.2,0.6945
3063,2,3233.99,13788.03,0.114752,0.07184771725449404,0.777094,93.4,0.6855
3064,2,3234.67,13785.36,0.099714,0.07184459086393617,0.798452,94.7,0.6758
3065,2,3235.36,13782.74,0.152429,0.07184146299259941,0.54438,93.3,0.6862
3066,2,3236.04,13780.08,0.152297,0.0718383336406201,0.854357,94.6,0.6767
3067,2,3236.72,13777.44,0.090869,0.07183520280813463,0.992772,93.7,0.6832
3068,2,3237.41,13774.8,0.103053,0.0718320704952795,1.389313,94.2,0.6797
3069,2,3238.09,13772.15,0.190083,0.07182893670219125,2.224784,94.2,0.6795
3070,2,3238.76,13769.49,0.175987,0.07182580142900648,1.512233,95.0,0.6734
3071,2,3239.44,13766.82,0.121654,0.07182266467586187,1.123915,94.9,0.6744
3072,2,3240.12,13764.17,0.131171,0.07181952644289415,1.076161,94.4,0.6777
3073,2,3240.8,13761.52,0.114266,0.07181638673024011,1.040734,94.5,0.677
3074,2,3241.49,13758.93,0.148877,0.07181324553803663,0.753705,92.6,0.6911
3075,2,3242.16,13756.25,0.091856,0.07181010286642063,0.501437,95.5,0.67
3076,2,3242.84,13753.61,0.086427,0.0718069587155291,0.370493,94.1,0.6799
3077,2,3243.51,13750.94,0.15666,0.0718038130854991,0.425941,95.2,0.6722
3078,2,3244.2,13748.34,0.12848,0.07180066597646777,0.39341,93.0,0.6882
3079,2,3244.89,13745.75,0.158216,0.07179751738857228,1.03878,92.8,0.6893
3080,2,3245.57,13743.11,0.109748,0.07179436732194987,1.596386,94.4,0.6782
3081,2,3246.24,13740.43,0.170403,0.07179121577673786,1.47752,96.7,0.6619
3082,2,3246.91,13737.75,0.119384,0.07178806275307366,0.652042,95.6,0.6697
3083,2,3247.6,13735.16,0.165891,0.07178490825109468,0.593365,93.0,0.6881
3084,2,3248.29,13732.58,0.127373,0.07178175227093844,0.566517,92.8,0.6896
3085,2,3248.98,13729.95,0.150378,0.07177859481274253,0.436457,94.3,0.6786
3086,2,3249.66,13727.34,0.119578,0.07177543587664456,0.486315,93.5,0.6845
3087,2,3250.34,13724.71,0.04399,0.07177227546278224,0.652244,94.4,0.6777
3088,2,3251.02,13722.08,0.091863,0.07176911357129334,1.361411,94.5,0.6771
3089,2,3251.68,13719.38,0.177456,0.0717659502023157,1.848544,96.7,0.6616
3090,2,3252.36,13716.74,0.145642,0.0717627853559872,2.101729,94.8,0.6748
3091,2,3253.05,13714.18,0.134144,0.0717596190324458,0.994739,92.4,0.6925
3092,2,3253.74,13711.58,0.173451,0.07175645123182955,0.392584,93.7,0.6832
3093,2,3254.42,13708.99,0.102173,0.07175328195427651,0.484293,93.4,0.6853
3094,2,3255.13,13706.46,0.1359,0.07175011119992485,0.490938,91.5,0.6998
3095,2,3255.82,13703.88,0.148481,0.07174693896891278,0.595174,92.9,0.689
3096,2,3256.5,13701.27,0.091051,0.07174376526137857,0.625024,94.3,0.6784
3097,2,3257.17,13698.62,0.177787,0.07174059007746059,0.685368,95.5,0.67
3098,2,3257.86,13696.04,0.137057,0.07173741341729722,0.431562,92.9,0.6887
3099,2,3258.57,13693.58,0.065529,0.07173423528102697,0.36255,89.7,0.7131
3100,2,3259.28,13691.07,0.125384,0.07173105566878836,0.724244,91.1,0.7022
3101,2,3259.99,13688.6,0.115543,0.07172787458071998,0.825086,90.7,0.7054
3102,2,3260.67,13686.0,0.100592,0.07172469201696052,0.774395,93.9,0.6816
3103,2,3261.35,13683.37,0.114359,0.07172150797764872,0.304577,94.9,0.6745
3104,2,3262.02,13680.72,0.093696,0.07171832246292334,0.552546,95.7,0.6687
3105,2,3262.7,13678.12,0.097142,0.07171513547292328,0.349321,94.4,0.6777
3106,2,3263.39,13675.54,0.069899,0.07171194700778744,0.70793,93.5,0.6842
3107,2,3264.08,13672.99,0.137332,0.07170875706765482,1.092932,92.6,0.6914
3108,2,3264.76,13670.39,0.160684,0.07170556565266448,1.337105,94.5,0.6774
3109,2,3265.45,13667.82,0.0646,0.0717023727629555,1.055235,93.3,0.6863
3110,2,3266.14,13665.26,0.150637,0.07169917839866712,0.426098,93.1,0.6877
3111,2,3266.82,13662.67,0.152778,0.07169598255993855,1.582808,93.9,0.6816
3112,2,3267.49,13660.04,0.133497,0.0716927852469091,1.594855,95.3,0.6715
3113,2,3268.17,13657.46,0.079877,0.07168958645971815,0.321638,94.0,0.681
3114,2,3268.91,13655.1,0.170461,0.07168638619850515,0.653604,87.1,0.7351
3115,2,3269.65,13652.78,0.151696,0.0716831844634096,0.526819,86.2,0.7422
3116,2,3270.54,13651.04,0.090624,0.07167998125457106,0.359678,72.3,0.8847
3117,2,3271.31,13648.84,0.095627,0.07167677657212917,0.43153,83.0,0.7714
3118,2,3272.0,13646.28,0.133242,0.07167357041622363,0.430169,93.2,0.6866
3119,2,3272.68,13643.69,0.16966,0.07167036278699418,0.872747,94.6,0.6768
3120,2,3273.36,13641.1,0.157167,0.07166715368458065,0.974795,94.2,0.6792
3121,2,3274.04,13638.51,0.131049,0.07166394310912295,0.893025,95.6,0.6698
3122,2,3274.74,13635.99,0.124596,0.07166073106076103,1.038198,92.1,0.6946
3123,2,3275.4,13633.35,0.154533,0.07165751753963488,1.101334,96.3,0.6645
3124,2,3276.07,13630.71,0.137089,0.07165430254588462,0.468816,96.4,0.664
3125,2,3276.74,13628.09,0.060835,0.07165108607965036,0.445316,95.4,0.6709
3126,2,3277.42,13625.5,0.130978,0.07164786814107232,0.793428,94.7,0.6761
3127,2,3278.14,13623.09,0.130329,0.07164464873029079,0.855419,88.8,0.7206
3128,2,3278.89,13620.82,0.139057,0.07164142784744609,1.134827,85.2,0.7512
3129,2,3279.63,13618.48,0.102884,0.07163820549267863,0.637794,86.9,0.7366
3130,2,3280.43,13616.42,0.125241,0.07163498166612889,0.434396,79.9,0.8014
3131,2,3281.16,13614.03,0.117546,0.07163175636793735,0.689153,88.3,0.7248
3132,2,3281.89,13611.67,0.118367,0.07162852959824467,1.220377,87.8,0.7287
3133,2,3282.71,13609.67,0.104086,0.07162530135719147,1.285688,78.3,0.8176
3134,2,3283.38,13607.06,0.117715,0.07162207164491849,1.240828,95.7,0.6685
3135,2,3284.07,13604.55,0.14652,0.07161884046156651,0.916504,92.5,0.6918
3136,2,3284.75,13601.98,0.155185,0.07161560780727638,1.278409,94.1,0.6803
3137,2,3285.43,13599.39,0.176415,0.07161237368218903,1.241267,95.3,0.6715
3138,2,3286.12,13596.87,0.151208,0.07160913808644542,0.672146,92.8,0.6896
3139,2,3286.79,13594.26,0.140788,0.07160590102018662,0.507576,95.6,0.6698
3140,2,3287.46,13591.67,0.089595,0.0716026624835537,0.622236,95.2,0.6721
3141,2,3288.15,13589.15,0.121235,0.07159942247668785,0.747623,93.8,0.6824
3142,2,3288.82,13586.55,0.105019,0.07159618099973032,0.392882,95.6,0.6693
3143,2,3289.5,13583.99,0.107009,0.0715929380528224,0.454773,94.3,0.679
3144,2,3290.18,13581.41,0.096658,0.07158969363610544,0.627974,94.8,0.6748
3145,2,3290.85,13578.83,0.102837,0.0715864477497209,0.985713,95.1,0.6728
3146,2,3291.54,13576.31,0.125577,0.07158320039381023,1.056001,93.0,0.6881
3147,2,3292.22,13573.74,0.119438,0.07157995156851503,0.797292,94.7,0.6756
3148,2,3292.92,13571.27,0.056523,0.0715767012739769,0.701602,91.7,0.6983
3149,2,3293.6,13568.71,0.108101,0.07157344951033752,0.549566,94.7,0.676
3150,2,3294.27,13566.13,0.093123,0.07157019627773864,0.818274,95.2,0.672
3151,2,3294.95,13563.58,0.072021,0.07156694157632208,0.900022,94.2,0.6796
3152,2,3295.64,13561.05,0.1129,0.07156368540622972,0.851132,93.5,0.6847
3153,2,3296.31,13558.48,0.126877,0.07156042776760348,0.75874,95.2,0.6719
3154,2,3296.98,13555.89,0.129166,0.07155716866058538,1.151025,95.7,0.6689
3155,2,3297.66,13553.31,0.14472,0.0715539080853175,1.670026,95.3,0.6716
3156,2,3298.33,13550.75,0.138096,0.07155064604194196,1.707814,94.9,0.6744
3157,2,3299.0,13548.18,0.131191,0.07154738253060094,1.369272,95.4,0.6709
3158,2,3299.68,13545.61,0.114824,0.07154411755143673,1.166352,95.1,0.6727
3159,2,3300.36,13543.06,0.119336,0.07154085110459164,0.805544,94.5,0.6776
3160,2,3301.04,13540.51,0.098848,0.07153758319020806,1.015883,94.7,0.6758
3161,2,3301.73,13538.04,0.131439,0.07153431380842845,1.064167,93.2,0.6869
3162,2,3302.43,13535.56,0.14938,0.07153104295939532,0.635516,92.4,0.6929
3163,2,3303.11,13533.02,0.108394,0.07152777064325125,0.472101,94.3,0.6784
3164,2,3303.78,13530.47,0.100419,0.07152449686013888,0.689206,94.8,0.6749
3165,2,3304.46,13527.93,0.137339,0.07152122161020093,0.530614,94.4,0.6777
3166,2,3305.14,13525.38,0.141625,0.07151794489358015,0.706137,94.9,0.6744
3167,2,3305.84,13522.93,0.105184,0.07151466671041941,1.262493,91.5,0.6992
3168,2,3306.53,13520.44,0.136696,0.07151138706086159,0.797605,93.0,0.6884
3169,2,3307.21,13517.91,0.087832,0.07150810594504965,1.036826,94.2,0.6794
3170,2,3307.89,13515.4,0.238732,0.07150482336312664,2.332279,93.8,0.682
3171,2,3308.57,13512.87,0.142032,0.07150153931523563,1.337781,94.2,0.6797
3172,2,3309.25,13510.33,0.191778,0.07149825380151979,1.245914,95.0,0.674
3173,2,3309.92,13507.76,0.154952,0.07149496682212234,0.467133,95.8,0.6679
3174,2,3310.59,13505.22,0.082589,0.07149167837718655,0.76503,94.8,0.6755
3175,2,3311.27,13502.68,0.099401,0.07148838846685576,0.489337,94.9,0.6743
3176,2,3311.94,13500.14,0.11028,0.0714850970912734,0.463181,95.2,0.6723
3177,2,3312.65,13497.72,0.105319,0.07148180425058295,0.489603,91.1,0.7028
3178,2,3313.34,13495.22,0.153633,0.07147850994492795,0.519824,93.4,0.6851
3179,2,3314.03,13492.74,0.173854,0.07147521417445199,0.701681,93.0,0.6881
3180,2,3314.71,13490.23,0.115015,0.07147191693929873,1.30308,94.1,0.6802
3181,2,3315.38,13487.68,0.158462,0.07146861823961191,1.667501,96.1,0.6656
3182,2,3316.06,13485.18,0.140876,0.07146531807553533,1.28143,93.9,0.6815
3183,2,3316.72,13482.59,0.045857,0.07146201644721284,0.588592,96.8,0.6611
3184,2,3317.39,13480.04,0.102124,0.07145871335478839,0.458973,95.9,0.6675
3185,2,3318.07,13477.5,0.182997,0.07145540879840592,0.925567,95.1,0.6733
3186,2,3318.74,13474.96,0.137671,0.07145210277820951,1.574042,95.5,0.6702
3187,2,3319.41,13472.42,0.186808,0.07144879529434327,1.859232,95.3,0.6715
3188,2,3320.09,13469.92,0.115365,0.07144548634695137,1.472179,94.1,0.6798
3189,2,3320.77,13467.38,0.16323,0.07144217593617808,1.302013,95.6,0.6692
3190,2,3321.44,13464.84,0.148583,0.07143886406216765,1.119578,95.3,0.6719
3191,2,3322.12,13462.35,0.174196,0.07143555072506448,3.105404,93.9,0.6817
3192,2,3322.8,13459.86,0.151929,0.07143223592501301,1.950417,93.9,0.6815
3193,2,3323.49,13457.36,0.239757,0.07142891966215774,2.849952,94.0,0.6806
3194,2,3324.16,13454.82,0.095567,0.07142560193664321,1.247116,95.7,0.669
3195,2,3324.83,13452.29,0.109174,0.07142228274861406,0.433571,95.6,0.6696
3196,2,3325.5,13449.75,0.137333,0.07141896209821497,0.582908,95.8,0.6681
3197,2,3326.17,13447.22,0.116686,0.07141563998559068,1.107008,95.4,0.6707
3198,2,3326.85,13444.7,0.122625,0.07141231641088604,1.461474,94.8,0.6748
3199,2,3327.52,13442.17,0.14205,0.07140899137424589,0.929757,95.4,0.6706
3200,2,3328.2,13439.67,0.120178,0.07140566487581519,1.288458,94.7,0.6756
3201,2,3328.92,13437.36,0.19405,0.07140233691573894,1.327871,94.2,0.6796
3202,2,3329.6,13434.85,0.142413,0.07139900749416223,0.456112,94.8,0.6748
3203,2,3330.27,13432.34,0.112482,0.07139567661123018,0.570833,94.9,0.6742
3204,2,3330.93,13429.77,0.119338,0.07139234426708797,0.817208,97.2,0.6582
3205,2,3331.61,13427.28,0.147733,0.0713890104618809,0.823843,94.6,0.6768
3206,2,3332.28,13424.76,0.107659,0.07138567519575427,0.579763,95.2,0.6726
3207,2,3332.96,13422.25,0.173313,0.07138233846885346,0.723304,95.2,0.6721
3208,2,3333.64,13419.77,0.132874,0.07137900028132393,1.339768,94.1,0.6801
3209,2,3334.3,13417.22,0.118186,0.07137566063331122,1.144956,96.9,0.6607
3210,2,3334.98,13414.72,0.113169,0.07137231952496087,0.94913,94.6,0.6767
3211,2,3335.66,13412.23,0.117504,0.07136897695641856,0.518998,94.7,0.676
3212,2,3336.32,13409.68,0.099746,0.07136563292782995,0.73656,96.8,0.6611
3213,2,3336.99,13407.18,0.130816,0.07136228743934087,1.285234,95.2,0.6724
3214,2,3337.66,13404.66,0.058722,0.0713589404910971,0.789669,95.7,0.6686
3215,2,3338.35,13402.2,0.113682,0.07135559208324459,0.563045,93.9,0.6819
3216,2,3339.04,13399.77,0.10332,0.07135224221592926,0.515088,92.6,0.691
3217,2,3339.71,13397.26,0.099279,0.07134889088929715,0.553579,95.5,0.6701
3218,2,3340.39,13394.77,0.118282,0.07134553810349435,0.506899,95.1,0.6731
3219,2,3341.06,13392.27,0.074562,0.07134218385866702,0.409181,95.2,0.6725
3220,2,3341.74,13389.77,0.098801,0.07133882815496136,0.505832,95.1,0.6729
3221,2,3342.41,13387.29,0.107752,0.07133547099252366,0.792521,95.6,0.6698
3222,2,3343.08,13384.77,0.083879,0.07133211237150025,0.868069,96.2,0.6654
3223,2,3343.76,13382.3,0.080398,0.07132875229203754,1.028206,94.5,0.6772
3224,2,3344.45,13379.89,0.138198,0.07132539075428203,1.029273,92.5,0.692
3225,2,3345.13,13377.4,0.086516,0.0713220277583802,1.150304,94.9,0.6746
3226,2,3345.82,13374.99,0.107704,0.0713186633044787,1.356689,92.8,0.6897
3227,2,3346.51,13372.54,0.140037,0.07131529739272416,2.128983,93.8,0.6825
3228,2,3347.18,13370.04,0.138849,0.07131193002326332,0.989437,95.7,0.6688
3229,2,3347.85,13367.57,0.11337,0.07130856119624294,0.65251,94.6,0.6762
3230,2,3348.53,13365.08,0.113159,0.07130519091180991,1.035,95.1,0.6727
3231,2,3349.2,13362.58,0.141925,0.07130181917011112,0.676176,95.7,0.6686
3232,2,3349.87,13360.1,0.12591,0.07129844597129358,0.614033,95.3,0.6718
3233,2,3350.55,13357.64,0.0626,0.07129507131550428,0.798951,94.1,0.68
3234,2,3351.23,13355.18,0.109784,0.07129169520289036,0.596585,94.7,0.6758
3235,2,3351.89,13352.65,0.069733,0.07128831763359898,0.404166,96.7,0.6617
3236,2,3352.58,13350.23,0.152715,0.07128493860777739,0.656416,93.3,0.6857
3237,2,3353.25,13347.76,0.06844,0.07128155812557285,1.09819,95.0,0.6736
3238,2,3353.93,13345.27,0.209542,0.07127817618713277,1.950539,95.6,0.6694
3239,2,3354.6,13342.8,0.130922,0.07127479279260453,1.61061,95.0,0.6738
3240,2,3355.28,13340.35,0.184312,0.07127140794213561,1.463634,94.4,0.6776
3241,2,3355.96,13337.9,0.105639,0.07126802163587362,0.90316,95.1,0.6733
3242,2,3356.65,13335.48,0.121385,0.07126463387396612,0.379093,93.4,0.6853
3243,2,3357.31,13332.97,0.126208,0.0712612446565608,0.914308,96.6,0.6623
3244,2,3357.99,13330.53,0.144413,0.0712578539838054,1.057787,94.3,0.6789
3245,2,3358.67,13328.07,0.104601,0.07125446185584772,1.257889,94.7,0.6755
3246,2,3359.36,13325.66,0.083118,0.07125106827283563,0.930955,93.3,0.6858
3247,2,3360.03,13323.19,0.094798,0.07124767323491708,0.497339,95.4,0.6708
3248,2,3360.72,13320.77,0.187328,0.07124427674224004,0.835383,93.5,0.6844
3249,2,3361.4,13318.33,0.126344,0.07124087879495258,0.370919,94.1,0.6804
3250,2,3362.07,13315.87,0.110267,0.07123747939320282,0.704849,95.3,0.6717
3251,2,3362.74,13313.39,0.08133,0.07123407853713894,0.379228,95.8,0.6678
3252,2,3363.42,13310.96,0.167614,0.07123067622690918,0.594766,93.8,0.682
3253,2,3364.1,13308.51,0.095944,0.07122727246266186,0.400994,94.8,0.6748
3254,2,3364.78,13306.07,0.159784,0.07122386724454537,0.869772,94.5,0.6771
3255,2,3365.46,13303.63,0.136736,0.07122046057270812,1.090043,94.7,0.6758
3256,2,3366.14,13301.23,0.090948,0.07121705244729862,0.943908,93.3,0.6859
3257,2,3366.82,13298.79,0.104995,0.07121364286846545,0.667417,94.7,0.6755
3258,2,3367.5,13296.35,0.075656,0.07121023183635722,0.341417,94.4,0.6778
3259,2,3368.16,13293.86,0.103065,0.07120681935112264,1.120533,96.8,0.661
3260,2,3368.84,13291.4,0.121044,0.07120340541291043,0.819064,95.1,0.6726
3261,2,3369.51,13288.96,0.111966,0.07119999002186943,0.746218,95.7,0.6691
3262,2,3370.18,13286.5,0.125545,0.07119657317814854,1.445418,95.7,0.6684
3263,2,3370.86,13284.06,0.149596,0.07119315488189666,1.392399,94.7,0.6758
3264,2,3371.53,13281.6,0.1497,0.07118973513326285,1.024068,95.6,0.6698
3265,2,3372.2,13279.15,0.127393,0.07118631393239615,0.894883,95.3,0.6716
3266,2,3372.88,13276.73,0.156347,0.07118289127944569,1.288296,94.4,0.6779
3267,2,3373.56,13274.29,0.122134,0.0711794671745607,0.778395,95.0,0.6737
3268,2,3374.24,13271.85,0.117222,0.0711760416178904,0.556484,94.9,0.6745
3269,2,3374.91,13269.42,0.141232,0.07117261460958414,0.405407,95.0,0.674
3270,2,3375.58,13266.98,0.100934,0.07116918614979131,0.463372,95.2,0.6725
3271,2,3376.27,13264.56,0.110985,0.07116575623866135,0.741077,94.2,0.6796
3272,2,3376.95,13262.15,0.098793,0.07116232487634377,0.71597,94.3,0.6784
3273,2,3377.63,13259.74,0.098271,0.07115889206298816,0.445764,94.3,0.6789
3274,2,3378.29,13257.26,0.134183,0.07115545779874415,0.786363,96.5,0.6631
3275,2,3378.96,13254.8,0.188729,0.07115202208376144,0.418062,96.2,0.6655
3276,2,3379.64,13252.39,0.151297,0.07114858491818982,1.26291,94.2,0.6791
3277,2,3380.31,13249.97,0.195374,0.07114514630217911,1.091994,94.8,0.6753
3278,2,3380.99,13247.55,0.115566,0.07114170623587919,0.435209,94.8,0.6754
3279,2,3381.68,13245.16,0.14131,0.07113826471944004,0.410197,93.5,0.6846
3280,2,3382.37,13242.79,0.142227,0.07113482175301167,0.641685,93.0,0.6881
3281,2,3383.07,13240.46,0.085434,0.07113137733674416,0.450771,92.6,0.6914
3282,2,3383.75,13238.05,0.112418,0.07112793147078765,0.564591,94.4,0.6777
3283,2,3384.45,13235.76,0.097636,0.07112448415529236,1.120897,90.6,0.7066
3284,2,3385.13,13233.36,0.150319,0.07112103539040857,1.575545,94.1,0.6799
3285,2,3385.81,13230.95,0.139289,0.07111758517628661,1.197693,94.5,0.677
3286,2,3386.49,13228.55,0.134712,0.07111413351307685,0.84853,94.5,0.677
3287,2,3387.21,13226.29,0.122399,0.07111068040092981,0.498297,89.6,0.7141
3288,2,3387.9,13223.92,0.133385,0.07110722583999597,0.907276,93.1,0.6872
3289,2,3388.58,13221.56,0.134611,0.07110376983042593,0.935262,93.2,0.687
3290,2,3389.25,13219.1,0.136924,0.07110031237237037,0.421102,96.7,0.6621
3291,2,3389.94,13216.76,0.106255,0.07109685346597996,0.607625,92.3,0.6937
3292,2,3390.62,13214.35,0.113769,0.0710933931114055,0.429922,95.1,0.6732
3293,2,3391.3,13211.95,0.124461,0.07108993130879783,0.704341,94.7,0.6759
3294,2,3391.98,13209.58,0.131702,0.07108646805830787,1.174996,93.4,0.685
3295,2,3392.65,13207.14,0.171593,0.07108300336008658,1.404779,96.1,0.666
3296,2,3393.35,13204.81,0.08443,0.07107953721428496,1.090067,92.0,0.6955
3297,2,3394.03,13202.44,0.089221,0.07107606962105413,0.652988,93.8,0.6824
3298,2,3394.72,13200.08,0.104953,0.07107260058054525,0.500589,93.2,0.6863
3299,2,3395.39,13197.67,0.095413,0.07106913009290952,0.784523,95.3,0.6713
3300,2,3396.07,13195.27,0.115462,0.07106565815829824,1.010537,94.9,0.6741
3301,2,3440.94,13364.53,0.192588,0.07106218477686276,0.962942,93.4,0.6855
3302,2,3441.63,13362.12,0.14725,0.07105870994875449,1.142179,93.0,0.688
3303,2,3442.3,13359.63,0.111711,0.07105523367412488,0.416805,95.7,0.6689
3304,2,3442.98,13357.17,0.138243,0.07105175595312549,0.469906,95.0,0.674
3305,2,3443.65,13354.7,0.061413,0.0710482767859079,0.43313,95.4,0.6706
3306,2,3444.33,13352.23,0.118067,0.0710447961726238,0.521244,95.2,0.6726
3307,2,3445.03,13349.87,0.136038,0.07104131411342489,0.671763,91.4,0.7001
3308,2,3445.7,13347.4,0.11046,0.07103783060846294,0.500531,95.4,0.6706
3309,2,3446.37,13344.93,0.125651,0.07103434565788985,1.742624,95.0,0.6734
3310,2,3447.03,13342.42,0.230376,0.07103085926185748,1.592082,97.0,0.6598
3311,2,3447.7,13339.94,0.122813,0.07102737142051785,0.828558,95.9,0.6676
3312,2,3448.38,13337.47,0.144086,0.07102388213402298,1.30057,95.7,0.6689
3313,2,3449.05,13335.01,0.105763,0.07102039140252497,0.702349,95.1,0.6733
3314,2,3449.73,13332.58,0.13905,0.07101689922617599,0.536221,94.2,0.6796
3315,2,3450.41,13330.14,0.074733,0.07101340560512828,0.602407,94.3,0.6787
3316,2,3451.08,13327.67,0.07738,0.07100991053953412,0.559905,95.7,0.6686
3317,2,3451.75,13325.21,0.135474,0.07100641402954586,0.547372,95.4,0.671
3318,2,3452.42,13322.71,0.11294,0.07100291607531592,0.694562,96.7,0.6616
3319,2,3453.09,13320.26,0.115484,0.07099941667699679,0.584982,95.1,0.6729
3320,2,3453.76,13317.78,0.140633,0.070995915834741,0.543537,95.9,0.6671
3321,2,3454.44,13315.36,0.108374,0.07099241354870116,0.944113,95.0,0.6737
3322,2,3455.11,13312.89,0.144653,0.07098890981902994,0.649112,95.6,0.6692
3323,2,3455.78,13310.43,0.09994,0.07098540464588007,0.582741,95.6,0.6694
3324,2,3456.46,13308.0,0.066928,0.07098189802940436,0.615926,94.6,0.6768
3325,2,3457.13,13305.54,0.127671,0.07097838996975565,1.654909,95.4,0.6706
3326,2,3457.81,13303.09,0.17856,0.07097488046708687,1.164174,95.4,0.6711
3327,2,3458.48,13300.64,0.100556,0.070971369521551,0.800116,95.4,0.6706
3328,2,3459.15,13298.18,0.146481,0.07096785713330109,0.48611,95.6,0.6693
3329,2,3459.82,13295.73,0.14123,0.07096434330249025,0.670923,95.6,0.6696
3330,2,3460.49,13293.27,0.130161,0.07096082802927166,1.220849,95.6,0.6697
3331,2,3461.16,13290.82,0.143908,0.07095731131379854,1.132666,95.4,0.6708
3332,2,3461.84,13288.41,0.113261,0.07095379315622419,0.715331,94.2,0.6793
3333,2,3462.53,13286.01,0.113657,0.07095027355670198,0.554253,93.6,0.6835
3334,2,3463.2,13283.56,0.06263,0.07094675251538533,0.37663,95.7,0.669
3335,2,3463.87,13281.13,0.12654,0.07094323003242772,0.503389,95.1,0.673
3336,2,3464.56,13278.74,0.121864,0.0709397061079827,0.513603,93.4,0.6854
3337,2,3465.25,13276.36,0.112125,0.0709361807422039,0.805834,93.3,0.6863
3338,2,3465.94,13273.97,0.135195,0.07093265393524498,0.618704,93.3,0.6856
3339,2,3466.61,13271.54,0.084662,0.07092912568725966,0.808505,95.1,0.6728
3340,2,3467.3,13269.18,0.109493,0.07092559599840179,1.461933,92.6,0.6909
3341,2,3467.99,13266.79,0.236032,0.07092206486882519,0.862197,94.6,0.6766
3342,2,3468.66,13264.35,0.095139,0.0709185322986838,0.704165,95.4,0.671
3343,2,3469.33,13261.92,0.132539,0.07091499828813164,0.707272,95.4,0.6705
3344,2,3470.01,13259.49,0.13544,0.0709114628373227,0.726741,94.9,0.6742
3345,2,3470.68,13257.06,0.073981,0.07090792594641115,0.52919,95.3,0.6715
3346,2,3471.35,13254.62,0.070803,0.07090438761555115,0.497359,95.6,0.6694
3347,2,3472.02,13252.19,0.113827,0.07090084784489693,0.807592,95.6,0.6694
3348,2,3472.69,13249.74,0.203287,0.07089730663460281,1.497948,95.9,0.6677
3349,2,3473.38,13247.39,0.154449,0.07089376398482314,0.711476,92.8,0.6897
3350,2,3474.05,13244.95,0.092236,0.07089021989571236,0.616924,96.0,0.6669
3351,2,3474.73,13242.55,0.070623,0.07088667436742495,0.782294,94.5,0.6773
3352,2,3475.4,13240.13,0.180356,0.07088312740011547,0.617823,95.2,0.6722
3353,2,3476.08,13237.71,0.138112,0.07087957899393854,0.529141,95.1,0.6728
3354,2,3476.77,13235.36,0.08832,0.07087602914904884,0.436268,92.6,0.6911
3355,2,3477.46,13233.0,0.101191,0.07087247786560111,0.802479,93.4,0.6851
3356,2,3478.14,13230.59,0.10459,0.07086892514375015,0.516574,94.7,0.6762
3357,2,3478.8,13228.15,0.102886,0.07086537098365084,0.731327,96.2,0.6653
3358,2,3479.48,13225.74,0.159386,0.07086181538545809,1.47985,95.0,0.6739
3359,2,3480.15,13223.31,0.124339,0.07085825834932691,1.616209,95.7,0.6687
3360,2,3480.82,13220.89,0.121826,0.07085469987541236,0.473518,95.5,0.6699
3361,2,3481.5,13218.5,0.142141,0.07085113996386955,1.391582,95.5,0.6701
3362,2,3482.18,13216.13,0.145225,0.07084757861485365,1.458288,93.4,0.6852
3363,2,3482.85,13213.7,0.14503,0.07084401582851993,0.782199,96.0,0.6668
3364,2,3483.52,13211.28,0.118671,0.07084045160502368,0.452363,95.7,0.6686
3365,2,3484.19,13208.85,0.088465,0.07083688594452027,0.387127,96.4,0.6642
3366,2,3484.86,13206.43,0.075823,0.07083331884716514,0.8492,95.7,0.6686
3367,2,3485.53,13204.02,0.147541,0.07082975031311378,0.463394,95.2,0.6725
3368,2,3486.2,13201.61,0.099301,0.07082618034252174,0.485491,95.5,0.67
3369,2,3486.87,13199.19,0.107137,0.07082260893554464,0.427955,95.8,0.6683
3370,2,3487.54,13196.78,0.146904,0.07081903609233815,0.480734,95.7,0.6688
3371,2,3488.21,13194.36,0.108704,0.07081546181305805,0.573611,95.8,0.668
3372,2,3488.89,13191.97,0.079017,0.07081188609786014,0.330902,94.6,0.6763
3373,2,3489.55,13189.53,0.057523,0.07080830894690028,0.450415,96.9,0.6607
3374,2,3490.22,13187.12,0.137314,0.07080473036033438,0.511041,95.5,0.67
3375,2,3490.9,13184.74,0.176219,0.07080115033831848,1.045497,94.6,0.6763
3376,2,3491.59,13182.39,0.155787,0.0707975688810086,0.742698,93.6,0.6835
3377,2,3492.25,13179.94,0.105804,0.07079398598856088,0.623446,97.3,0.6579
3378,2,3492.91,13177.53,0.130249,0.0707904016611315,0.749248,96.0,0.6664
3379,2,3493.59,13175.13,0.096162,0.07078681589887671,0.542625,95.2,0.6721
3380,2,3494.28,13172.82,0.138035,0.0707832287019528,0.987122,92.4,0.6925
3381,2,3494.95,13170.42,0.138638,0.07077964007051617,0.859421,96.4,0.6641
3382,2,3495.62,13168.01,0.127897,0.07077605000472323,0.47334,96.0,0.667
3383,2,3496.29,13165.61,0.150912,0.07077245850473048,0.538561,95.7,0.669
3384,2,3496.95,13163.18,0.099799,0.07076886557069448,0.76179,96.6,0.6626
3385,2,3497.62,13160.76,0.110668,0.07076527120277185,1.476832,96.5,0.6632
3386,2,3498.3,13158.39,0.149303,0.07076167540111926,1.25528,94.6,0.6767
3387,2,3498.99,13156.09,0.117741,0.07075807816589347,1.207766,92.1,0.6948
3388,2,3499.67,13153.72,0.104431,0.0707544794972513,0.951047,94.8,0.6753
3389,2,3500.33,13151.3,0.115898,0.07075087939534962,1.111065,96.8,0.6609
3390,2,3501.01,13148.93,0.095596,0.07074727786034533,0.887101,94.7,0.6758
3391,2,3501.68,13146.54,0.12624,0.07074367489239547,0.604497,95.4,0.6707
3392,2,3502.35,13144.13,0.095983,0.07074007049165706,1.048685,96.4,0.6638
3393,2,3503.02,13141.75,0.157496,0.07073646465828723,1.234841,95.3,0.6718
3394,2,3503.68,13139.33,0.083681,0.07073285739244317,0.385595,96.6,0.6625
3395,2,3504.36,13136.95,0.154219,0.07072924869428213,0.564273,95.6,0.6691
3396,2,3505.03,13134.57,0.125213,0.0707256385639614,0.77931,95.1,0.673
3397,2,3505.69,13132.16,0.134495,0.07072202700163838,0.902241,96.8,0.661
3398,2,3506.36,13129.77,0.13988,0.07071841400747048,1.116526,95.5,0.6703
3399,2,3507.03,13127.39,0.08874,0.0707147995816152,1.031717,95.8,0.6677
3400,2,3507.72,13125.06,0.150992,0.0707111837242301,1.592032,93.3,0.686
3401,2,3508.4,13122.7,0.140944,0.0707075664354728,1.607402,95.5,0.6699
3402,2,3509.06,13120.31,0.097849,0.07070394771550098,1.512385,96.2,0.6656
3403,2,3509.73,13117.92,0.106904,0.07070032756447238,0.955283,96.1,0.6662
3404,2,3510.42,13115.61,0.078266,0.07069670598254481,0.555962,93.1,0.6874
3405,2,3511.09,13113.22,0.1219,0.07069308296987614,0.456585,96.3,0.6648
3406,2,3511.77,13110.87,0.144523,0.0706894585266243,0.519239,94.3,0.6787
3407,2,3512.44,13108.5,0.058156,0.07068583265294728,0.45977,95.7,0.6688
3408,2,3513.13,13106.19,0.158234,0.07068220534900317,1.175669,93.1,0.6875
3409,2,3513.8,13103.83,0.14882,0.07067857661495006,1.266912,95.0,0.6736
3410,2,3514.47,13101.46,0.121865,0.07067494645094612,0.921422,95.6,0.6695
3411,2,3515.15,13099.09,0.127873,0.0706713148571496,0.537664,95.4,0.6709
3412,2,3515.81,13096.69,0.103573,0.07066768183371883,1.060915,96.8,0.661
3413,2,3516.47,13094.31,0.079631,0.07066404738081214,0.937156,96.3,0.6649
3414,2,3517.15,13091.94,0.117572,0.07066041149858801,0.656275,95.4,0.6712
3415,2,3517.83,13089.62,0.122559,0.0706567741872049,0.580494,94.1,0.68
3416,2,3518.5,13087.26,0.130133,0.07065313544682135,0.352453,95.2,0.6719
3417,2,3519.17,13084.9,0.153862,0.07064949527759602,0.628446,95.4,0.6707
3418,2,3519.84,13082.53,0.077257,0.07064585367968756,0.868106,95.9,0.6672
3419,2,3520.51,13080.16,0.137239,0.07064221065325473,1.451227,96.0,0.6669
3420,2,3521.17,13077.75,0.142489,0.0706385661984563,0.971799,97.1,0.6593
3421,2,3521.86,13075.44,0.117855,0.07063492031545118,0.599108,94.4,0.6777
3422,2,3522.53,13073.1,0.156996,0.07063127300439827,1.372327,94.9,0.674
3423,2,3523.2,13070.74,0.181534,0.07062762426545657,1.552897,95.5,0.6704
3424,2,3523.89,13068.43,0.105083,0.07062397409878514,0.580558,93.8,0.6822
3425,2,3524.56,13066.1,0.068929,0.07062032250454309,0.804393,94.7,0.6755
3426,2,3525.24,13063.74,0.126257,0.0706166694828896,1.185022,95.5,0.67
3427,2,3525.91,13061.41,0.148746,0.0706130150339839,0.694935,94.6,0.6764
3428,2,3526.57,13059.03,0.154792,0.0706093591579853,0.49829,96.9,0.6605
3429,2,3527.25,13056.69,0.094155,0.07060570185505316,0.641594,94.8,0.6754
3430,2,3527.92,13054.33,0.099168,0.07060204312534692,0.782826,95.9,0.6674
3431,2,3528.59,13051.99,0.134743,0.07059838296902606,0.512366,95.5,0.6704
3432,2,3529.27,13049.64,0.113001,0.07059472138625011,0.436736,95.3,0.6716
3433,2,3529.93,13047.28,0.130607,0.07059105837717872,0.605574,96.2,0.6653
3434,2,3530.6,13044.93,0.160546,0.07058739394197155,0.68984,95.7,0.669
3435,2,3531.28,13042.59,0.105833,0.07058372808078835,2.100291,95.4,0.671
3436,2,3531.94,13040.22,0.183779,0.0705800607937889,1.625429,96.8,0.661
3437,2,3532.61,13037.86,0.10094,0.07057639208113306,0.449688,96.0,0.6666
3438,2,3533.28,13035.51,0.178421,0.07057272194298075,0.577871,95.9,0.6674
3439,2,3533.95,13033.18,0.118386,0.07056905037949197,0.540181,95.2,0.6725
3440,2,3534.63,13030.86,0.120773,0.07056537739082677,0.671752,94.9,0.6743
3441,2,3535.3,13028.53,0.156637,0.07056170297714527,1.04263,95.7,0.6691
3442,2,3535.98,13026.2,0.098358,0.07055802713860762,0.846193,95.4,0.6709
3443,2,3536.64,13023.85,0.152901,0.07055434987537405,0.492971,96.0,0.6669
3444,2,3537.31,13021.49,0.135932,0.07055067118760489,0.536075,96.3,0.6646
3445,2,3537.98,13019.15,0.09827,0.07054699107546047,0.708695,95.5,0.6699
3446,2,3538.65,13016.82,0.13688,0.07054330953910122,1.086686,95.5,0.6702
3447,2,3539.32,13014.49,0.142586,0.07053962657868763,1.103588,95.6,0.6697
3448,2,3540.01,13012.19,0.147348,0.07053594219438024,0.810352,94.2,0.6792
3449,2,3540.67,13009.85,0.117695,0.07053225638633964,0.610224,95.9,0.6674
3450,2,3541.35,13007.52,0.136332,0.07052856915472654,0.622871,95.6,0.6696
3451,2,3542.01,13005.15,0.104888,0.07052488049970163,0.653917,96.9,0.6606
3452,2,3542.68,13002.83,0.117466,0.07052119042142573,1.053506,95.1,0.673
3453,2,3543.35,13000.49,0.125691,0.07051749892005967,1.446492,96.3,0.6647
3454,2,3544.02,12998.15,0.09684,0.07051380599576437,1.853145,95.9,0.6672
3455,2,3544.69,12995.83,0.109041,0.07051011164870084,0.760499,95.2,0.6719
3456,2,3545.37,12993.52,0.145334,0.0705064158790301,0.810187,95.3,0.6717
3457,2,3546.04,12991.22,0.074615,0.07050271868691325,0.30902,94.4,0.678
3458,2,3546.74,12988.99,0.090628,0.07049902007251148,0.359513,92.2,0.6941
3459,2,3547.4,12986.63,0.063796,0.07049532003598599,0.534442,96.7,0.6616
3460,2,3548.09,12984.37,0.129083,0.07049161857749807,0.593119,93.5,0.6842
3461,2,3548.77,12982.06,0.125193,0.0704879156972091,0.822556,96.0,0.6664
3462,2,3549.44,12979.75,0.16081,0.07048421139528045,1.064722,95.2,0.6725
3463,2,3550.11,12977.44,0.145306,0.07048050567187363,0.490088,95.3,0.6713
3464,2,3550.8,12975.17,0.170391,0.07047679852715015,1.391963,93.9,0.6816
3465,2,3551.47,12972.84,0.108704,0.07047308996127163,0.852392,95.8,0.6684
3466,2,3552.14,12970.53,0.101583,0.07046937997439974,0.679488,95.6,0.6695
3467,2,3552.81,12968.21,0.124861,0.07046566856669619,0.574412,95.6,0.6695
3468,2,3553.5,12965.98,0.118721,0.07046195573832274,0.422835,92.1,0.695
3469,2,3554.19,12963.73,0.146532,0.07045824148944127,0.90376,93.3,0.6858
3470,2,3554.87,12961.43,0.149529,0.07045452582021369,1.255822,94.9,0.6744
3471,2,3555.54,12959.13,0.169418,0.07045080873080196,1.130844,95.1,0.6729
3472,2,3556.21,12956.81,0.12547,0.07044709022136812,0.492539,95.9,0.6674
3473,2,3556.88,12954.51,0.104105,0.07044337029207424,0.443157,95.2,0.6726
3474,2,3557.56,12952.22,0.159992,0.07043964894308251,1.012089,94.9,0.6747
3475,2,3558.22,12949.88,0.127103,0.07043592617455513,1.351457,97.0,0.6599
3476,2,3558.89,12947.55,0.14957,0.0704322019866544,1.949415,96.5,0.6632
3477,2,3559.56,12945.25,0.226517,0.07042847637954262,1.755798,95.3,0.6716
3478,2,3560.23,12942.93,0.193844,0.07042474935338223,2.210809,96.2,0.6652
3479,2,3560.9,12940.64,0.137847,0.0704210209083357,2.121633,94.8,0.6753
3480,2,3561.57,12938.34,0.133418,0.07041729104456554,2.142737,95.4,0.6707
3481,2,3562.25,12936.06,0.168288,0.07041355976223433,1.755156,95.4,0.6712
3482,2,3562.92,12933.76,0.160306,0.07040982706150474,2.110746,95.5,0.6701
3483,2,3563.59,12931.46,0.168863,0.07040609294253948,2.179384,95.7,0.6685
3484,2,3564.27,12929.17,0.119136,0.07040235740550133,2.280657,95.0,0.674
3485,2,3564.98,12927.01,0.161876,0.07039862045055312,1.053208,90.4,0.7076
3486,2,3565.66,12924.75,0.152061,0.07039488207785774,0.601725,94.2,0.6792
3487,2,3566.33,12922.47,0.094333,0.07039114228757817,0.528379,95.1,0.673
3488,2,3567.02,12920.2,0.176282,0.07038740107987743,1.0468,94.3,0.6788
3489,2,3567.7,12917.95,0.08666,0.07038365845491858,0.738226,94.0,0.6811
3490,2,3568.37,12915.64,0.10135,0.07037991441286479,0.440905,95.9,0.6672
3491,2,3569.04,12913.35,0.104734,0.07037616895387926,1.275187,95.4,0.6705
3492,2,3569.71,12911.07,0.116792,0.07037242207812525,1.240075,95.1,0.6731
3493,2,3570.4,12908.85,0.165527,0.07036867378576611,0.360874,93.1,0.6876
3494,2,3571.08,12906.57,0.143196,0.07036492407696522,0.774033,94.9,0.6742
3495,2,3571.76,12904.33,0.128245,0.07036117295188604,0.471423,93.7,0.6828
3496,2,3572.44,12902.06,0.091499,0.0703574204106921,0.751661,94.6,0.6766
3497,2,3573.12,12899.81,0.148247,0.07035366645354695,1.158175,94.6,0.6764
3498,2,3573.79,12897.5,0.14391,0.07034991108061424,0.917912,96.2,0.6654
3499,2,3574.46,12895.22,0.080782,0.07034615429205769,0.73544,95.5,0.6701
3500,2,3575.13,12892.93,0.091455,0.07034239608804103,0.693411,95.7,0.6688
3501,2,3575.8,12890.67,0.138727,0.07033863646872812,0.87951,95.4,0.671
3502,2,3576.48,12888.39,0.106926,0.07033487543428281,1.242898,95.6,0.6696
3503,2,3577.17,12886.18,0.174955,0.07033111298486909,1.095956,92.7,0.6903
3504,2,3577.84,12883.9,0.133442,0.07032734912065094,0.801907,95.3,0.6716
3505,2,3578.52,12881.65,0.044548,0.07032358384179245,0.942375,94.4,0.6781
3506,2,3579.2,12879.39,0.121686,0.07031981714845773,0.472042,95.0,0.6735
3507,2,3579.89,12877.19,0.159549,0.07031604904081099,0.684567,92.3,0.6932
3508,2,3580.56,12874.93,0.150139,0.07031227951901649,1.696808,95.1,0.6733
3509,2,3581.24,12872.67,0.142326,0.07030850858323853,1.083949,94.9,0.6744
3510,2,3581.91,12870.38,0.104727,0.07030473623364152,1.065591,95.8,0.6678
3511,2,3582.58,12868.1,0.082685,0.07030096247038987,0.599839,95.9,0.6675
3512,2,3583.26,12865.85,0.15505,0.0702971872936481,0.925904,94.5,0.6771
3513,2,3584.06,12864.05,0.137583,0.07029341070358079,1.265052,79.9,0.8008
3514,2,3584.77,12861.9,0.09982,0.07028963270035254,0.561992,90.9,0.7039
3515,2,3585.56,12860.08,0.15166,0.07028585328412805,0.628766,80.5,0.7953
3516,2,3586.23,12857.79,0.099433,0.07028207245507208,0.338981,96.2,0.665
3517,2,3586.9,12855.53,0.094821,0.07027829021334941,0.943133,95.3,0.6712
3518,2,3587.58,12853.27,0.097838,0.07027450655912494,0.724051,95.1,0.6729
3519,2,3588.24,12850.97,0.152057,0.0702707214925636,0.509165,96.8,0.6612
3520,2,3588.91,12848.7,0.169083,0.07026693501383037,0.65988,95.6,0.6695
3521,2,3589.58,12846.43,0.130556,0.07026314712309033,0.425838,96.5,0.663
3522,2,3590.25,12844.17,0.129392,0.0702593578205086,0.973063,95.5,0.6704
3523,2,3590.93,12841.93,0.125354,0.07025556710625033,0.831062,94.5,0.677
3524,2,3591.62,12839.72,0.146662,0.07025177498048078,0.419768,93.4,0.6853
3525,2,3592.29,12837.47,0.116269,0.07024798144336526,0.446527,95.1,0.673
3526,2,3592.96,12835.22,0.133708,0.07024418649506914,0.772655,95.2,0.6726
3527,2,3593.72,12833.25,0.124703,0.07024039013575784,0.930126,85.3,0.7503
3528,2,3594.39,12830.99,0.117822,0.07023659236559683,0.508054,95.5,0.67
3529,2,3595.05,12828.7,0.147406,0.07023279318475169,0.370126,96.9,0.6604
3530,2,3595.72,12826.43,0.095789,0.07022899259338801,0.931525,96.1,0.6662
3531,2,3596.4,12824.2,0.137672,0.07022519059167148,1.698283,94.4,0.678
3532,2,3597.07,12821.94,0.141388,0.07022138717976782,1.102007,95.6,0.6692
3533,2,3597.74,12819.7,0.102925,0.07021758235784283,0.923803,94.9,0.6743
3534,2,3598.42,12817.45,0.126261,0.07021377612606236,0.907645,95.4,0.6709
3535,2,3599.1,12815.24,0.112297,0.07020996848459234,0.605581,93.7,0.683
3536,2,3599.78,12813.02,0.118924,0.07020615943359874,0.380862,94.4,0.6783
3537,2,3600.46,12810.78,0.099184,0.07020234897324762,0.513167,95.1,0.6727
3538,2,3601.13,12808.54,0.064956,0.07019853710370506,0.939368,95.1,0.6727
3539,2,3601.81,12806.32,0.142742,0.07019472382513724,1.079215,94.3,0.6785
3540,2,3602.48,12804.08,0.090604,0.07019090913771038,0.407752,95.3,0.6715
3541,2,3603.17,12801.88,0.101824,0.07018709304159076,0.438678,94.6,0.6768
3542,2,3603.85,12799.65,0.109606,0.07018327553694476,0.494047,94.6,0.6767
3543,2,3604.52,12797.41,0.077466,0.07017945662393874,1.096092,95.3,0.6718
3544,2,3605.19,12795.19,0.16628,0.07017563630273921,2.090398,94.9,0.6747
3545,2,3605.86,12792.92,0.112956,0.07017181457351268,1.414197,96.4,0.6639
3546,2,3606.54,12790.69,0.118632,0.07016799143642576,1.778798,94.9,0.6745
3547,2,3607.21,12788.45,0.151896,0.07016416689164509,1.18843,95.5,0.6701
3548,2,3607.89,12786.24,0.124312,0.07016034093933742,1.018592,94.5,0.6772
3549,2,3608.56,12784.0,0.128267,0.07015651357966948,0.502048,95.3,0.6713
3550,2,3609.23,12781.76,0.164472,0.07015268481280815,0.384026,95.4,0.6705
3551,2,3609.91,12779.55,0.147618,0.0701488546389203,0.617187,94.6,0.6762
3552,2,3610.58,12777.32,0.12143,0.07014502305817294,0.499395,95.1,0.6732
3553,2,3611.26,12775.11,0.145398,0.07014119007073304,1.090763,94.7,0.6761
3554,2,3611.98,12773.02,0.088956,0.0701373556767677,1.365284,89.7,0.7134
3555,2,3612.64,12770.77,0.147441,0.07013351987644408,0.995852,96.5,0.6634
3556,2,3613.31,12768.53,0.141291,0.07012968266992937,0.677211,95.5,0.6704
3557,2,3613.99,12766.3,0.103509,0.07012584405739086,1.420453,95.3,0.6715
3558,2,3614.67,12764.12,0.121182,0.07012200403899589,0.890411,93.7,0.6833
3559,2,3615.35,12761.92,0.133184,0.0701181626149118,0.674327,94.2,0.6793
3560,2,3616.03,12759.69,0.118133,0.07011431978530609,0.75464,95.3,0.6719
3561,2,3616.71,12757.5,0.117495,0.07011047555034625,0.386296,95.0,0.6736
3562,2,3617.39,12755.3,0.13569,0.07010662991019986,0.482832,94.2,0.6796
3563,2,3618.07,12753.11,0.160599,0.07010278286503457,0.61881,94.0,0.6812
3564,2,3618.75,12750.91,0.105884,0.07009893441501806,0.891371,94.7,0.6755
3565,2,3619.43,12748.72,0.081565,0.0700950845603181,0.937329,93.9,0.6819
3566,2,3620.11,12746.54,0.138701,0.0700912333011025,0.63084,93.9,0.6813
3567,2,3620.78,12744.31,0.135971,0.07008738063753915,0.492301,95.8,0.6678
3568,2,3621.44,12742.04,0.094202,0.070083526569796,0.340707,97.0,0.6596
3569,2,3622.13,12739.85,0.097928,0.07007967109804103,1.330557,94.2,0.6791
3570,2,3622.81,12737.68,0.107902,0.07007581422244233,0.90732,93.6,0.6838
3571,2,3623.48,12735.45,0.099412,0.07007195594316801,0.436438,96.0,0.6667
3572,2,3624.16,12733.25,0.111837,0.07006809626038626,0.439387,94.6,0.6764
3573,2,3624.83,12731.04,0.082283,0.07006423517426534,0.884935,95.1,0.6728
3574,2,3625.5,12728.82,0.118985,0.07006037268497355,1.697173,95.6,0.6694
3575,2,3626.18,12726.63,0.127689,0.07005650879267926,0.686098,94.4,0.6778
3576,2,3626.85,12724.4,0.110582,0.0700526434975509,0.546508,95.8,0.6684
3577,2,3627.52,12722.19,0.119799,0.07004877679975698,0.440697,95.5,0.6704
3578,2,3628.2,12719.98,0.152623,0.07004490869946603,0.762727,95.0,0.6739
3579,2,3628.88,12717.82,0.137845,0.07004103919684669,1.384032,93.6,0.6837
3580,2,3629.54,12715.57,0.198368,0.07003716829206762,1.988114,96.9,0.6605
3581,2,3630.24,12713.46,0.184452,0.07003329598529756,1.020817,92.5,0.692
3582,2,3630.92,12711.27,0.127422,0.0700294222767053,0.857902,94.7,0.6757
3583,2,3631.84,12709.9,0.14207,0.07002554716645973,0.503844,70.2,0.9119
3584,2,3632.58,12707.94,0.107073,0.07002167065472974,0.311373,86.3,0.7418
3585,2,3633.35,12706.1,0.11101,0.07001779274168433,0.437256,82.7,0.7742
3586,2,3634.19,12704.46,0.10204,0.07001391342749254,1.768215,76.7,0.834
3587,2,3634.9,12702.39,0.171935,0.07001003271232346,1.462756,90.4,0.7077
3588,2,3635.57,12700.18,0.129093,0.07000615059634627,0.898147,95.8,0.6677
3589,2,3636.26,12698.03,0.062674,0.0700022670797302,0.907173,93.4,0.6852
3590,2,3636.93,12695.83,0.078271,0.06999838216264453,0.412716,95.0,0.6738
3591,2,3637.6,12693.63,0.098795,0.06999449584525862,0.484158,95.4,0.6706
3592,2,3638.29,12691.46,0.145492,0.06999060812774184,1.124393,94.1,0.68
3593,2,3638.96,12689.27,0.10883,0.06998671901026372,0.942063,95.0,0.6739
3594,2,3639.65,12687.13,0.07124,0.06998282849299375,0.490314,93.1,0.6875
3595,2,3640.32,12684.91,0.126363,0.06997893657610153,0.438644,96.4,0.6641
3596,2,3640.99,12682.72,0.085883,0.06997504325975673,1.07477,95.0,0.6737
3597,2,3641.67,12680.54,0.162007,0.06997114854412906,0.924379,94.5,0.6773
3598,2,3642.34,12678.33,0.109839,0.06996725242938828,0.867019,96.0,0.6668
3599,2,3643.01,12676.14,0.12075,0.06996335491570423,0.719958,95.3,0.6719
3600,2,3643.69,12673.95,0.092596,0.06995945600324682,0.570957,95.1,0.6729
3601,2,3745.16,13022.26,0.0868,0.069955555692186,1.090979,91.4,0.7002
3602,2,3745.84,13019.98,0.109627,0.0699516539826918,0.72752,93.9,0.6814
3603,2,3746.52,13017.68,0.122247,0.06994775087493428,0.738614,94.4,0.6778
3604,2,3747.2,13015.38,0.071797,0.0699438463690836,0.443399,94.9,0.6744
3605,2,3747.9,13013.15,0.096862,0.06993994046530995,0.53634,92.0,0.696
3606,2,3748.58,13010.89,0.06041,0.0699360331637836,1.362484,93.3,0.6861
3607,2,3749.27,13008.61,0.178672,0.0699321244646749,2.023378,94.1,0.6803
3608,2,3749.97,13006.39,0.173819,0.06992821436815419,1.697748,91.7,0.6978
3609,2,3750.65,13004.11,0.095003,0.06992430287439193,0.953297,94.4,0.6782
3610,2,3751.32,13001.81,0.183401,0.06992038998355864,2.054141,95.1,0.6731
3611,2,3752.0,12999.53,0.178454,0.06991647569582488,1.215405,93.8,0.6823
3612,2,3752.68,12997.22,0.107214,0.06991256001136127,0.988932,95.5,0.67
3613,2,3753.35,12994.93,0.098286,0.06990864293033854,0.994576,94.7,0.6757
3614,2,3754.02,12992.62,0.143015,0.06990472445292739,0.648832,95.4,0.6711
3615,2,3754.7,12990.32,0.095256,0.06990080457929865,0.437977,95.3,0.6716
3616,2,3755.43,12988.21,0.113055,0.0698968833096232,0.512314,87.9,0.7284
3617,2,3756.12,12985.99,0.194725,0.06989296064407197,0.554247,92.3,0.6932
3618,2,3756.79,12983.68,0.071313,0.06988903658281595,0.497885,95.6,0.6695
3619,2,3757.48,12981.42,0.140816,0.0698851111260262,0.499738,93.7,0.6827
3620,2,3758.14,12979.07,0.128798,0.06988118427387384,0.459204,97.3,0.6575
3621,2,3758.81,12976.76,0.145816,0.06987725602653003,0.495726,96.2,0.6652
3622,2,3759.51,12974.58,0.173444,0.06987332638416602,0.736299,90.8,0.7046
3623,2,3760.2,12972.32,0.079131,0.0698693953469531,0.443445,93.9,0.6815
3624,2,3760.87,12970.03,0.060445,0.06986546291506264,0.475389,94.8,0.6752
3625,2,3761.55,12967.74,0.112326,0.06986152908866605,0.547479,95.1,0.673
3626,2,3762.24,12965.5,0.167017,0.06985759386793482,1.053553,93.3,0.6857
3627,2,3762.94,12963.3,0.148004,0.06985365725304048,1.337968,91.4,0.7
3628,2,3763.61,12961.0,0.067766,0.06984971924415463,1.140973,95.8,0.6683
3629,2,3764.27,12958.67,0.147718,0.06984577984144895,1.512422,96.9,0.6601
3630,2,3764.96,12956.43,0.146368,0.06984183904509515,1.38889,93.1,0.6873
3631,2,3765.66,12954.23,0.134982,0.06983789685526504,0.749099,91.8,0.6972
3632,2,3766.36,12952.05,0.055717,0.06983395327213042,0.366797,91.1,0.7024
3633,2,3767.05,12949.81,0.102441,0.06983000829586324,0.600411,93.4,0.6853
3634,2,3767.73,12947.55,0.136532,0.06982606192663543,0.918671,94.2,0.6797
3635,2,3768.41,12945.28,0.108212,0.06982211416461905,0.601187,94.7,0.6757
3636,2,3769.08,12943.0,0.099149,0.06981816500998615,0.669936,95.1,0.6727
3637,2,3769.76,12940.73,0.108333,0.06981421446290892,0.340281,94.7,0.6756
3638,2,3770.44,12938.49,0.087743,0.06981026252355955,0.672765,93.6,0.6836
3639,2,3771.13,12936.25,0.168057,0.06980630919211031,0.494596,93.3,0.686
3640,2,3771.82,12934.04,0.133505,0.06980235446873352,0.418265,92.5,0.6922
3641,2,3772.51,12931.79,0.142617,0.0697983983536016,0.393503,94.9,0.6743
3642,2,3773.18,12929.5,0.12999,0.06979444084688698,0.992481,95.6,0.6692
3643,2,3773.85,12927.22,0.15913,0.0697904819487622,1.802133,95.6,0.6697
3644,2,3774.53,12924.95,0.132533,0.06978652165939979,1.239979,94.6,0.6764
3645,2,3775.2,12922.68,0.073762,0.06978255997897241,0.399446,95.4,0.6712
3646,2,3775.9,12920.48,0.108935,0.06977859690765276,0.535278,92.1,0.6947
3647,2,3776.59,12918.27,0.139862,0.06977463244561356,0.503218,92.7,0.69
3648,2,3777.25,12915.96,0.100724,0.06977066659302768,0.883129,96.7,0.6618
3649,2,3777.92,12913.69,0.187921,0.06976669935006796,0.968983,95.1,0.6731
3650,2,3778.61,12911.47,0.131801,0.06976273071690735,0.657425,93.2,0.6869
3651,2,3779.29,12909.2,0.112663,0.06975876069371884,0.583387,94.9,0.6743
3652,2,3779.97,12906.96,0.088643,0.0697547892806755,0.470977,94.2,0.6791
3653,2,3780.65,12904.72,0.084865,0.06975081647795044,0.455534,93.9,0.6815
3654,2,3781.34,12902.49,0.119111,0.06974684228571684,0.652552,93.7,0.6833
3655,2,3782.02,12900.25,0.151882,0.06974286670414795,1.25879,94.3,0.6785
3656,2,3782.71,12898.03,0.160304,0.06973888973341705,0.762768,93.0,0.6884
3657,2,3783.38,12895.78,0.079036,0.06973491137369751,0.717837,94.6,0.6764
3658,2,3784.06,12893.53,0.091978,0.06973093162516278,0.573364,94.6,0.6766
3659,2,3784.74,12891.29,0.134984,0.0697269504879863,0.552338,94.3,0.6784
3660,2,3785.41,12889.02,0.120378,0.06972296796234165,0.825051,95.6,0.6691
3661,2,3786.32,12887.56,0.130185,0.0697189840484024,0.930287,71.1,0.9003
3662,2,3787.2,12885.99,0.099109,0.06971499874634225,0.548355,73.2,0.8746
3663,2,3787.87,12883.74,0.136441,0.06971101205633488,0.431278,94.8,0.6752
3664,2,3788.56,12881.5,0.128711,0.0697070239785541,0.530854,94.1,0.6801
3665,2,3789.24,12879.28,0.166071,0.06970303451317376,0.601675,93.9,0.6818
3666,2,3789.92,12877.05,0.115028,0.06969904366036778,0.709187,94.1,0.6804
3667,2,3790.59,12874.76,0.111387,0.06969505142031009,0.51388,96.5,0.6634
3668,2,3791.25,12872.48,0.18838,0.06969105779317473,0.585542,95.9,0.6674
3669,2,3791.93,12870.23,0.112209,0.06968706277913579,0.743366,95.1,0.673
3670,2,3792.61,12868.01,0.134677,0.06968306637836744,1.299267,93.9,0.6818
3671,2,3793.29,12865.77,0.146324,0.06967906859104385,1.558197,94.8,0.6749
3672,2,3793.97,12863.55,0.090151,0.06967506941733931,1.141362,93.7,0.6831
3673,2,3794.65,12861.3,0.15875,0.06967106885742815,0.877082,95.1,0.6729
3674,2,3795.32,12859.06,0.133888,0.06966706691148475,0.75082,95.0,0.6738
3675,2,3796.0,12856.81,0.105432,0.06966306357968356,1.064797,95.1,0.6731
3676,2,3796.68,12854.58,0.102454,0.0696590588621991,0.791376,94.1,0.6802
3677,2,3797.36,12852.36,0.086399,0.06965505275920594,0.59561,94.4,0.6777
3678,2,3798.04,12850.13,0.128129,0.0696510452708787,0.958176,94.4,0.6777
3679,2,3798.71,12847.87,0.109213,0.06964703639739209,0.42557,95.7,0.6691
3680,2,3799.39,12845.65,0.186348,0.06964302613892084,1.387528,93.9,0.6812
3681,2,3800.09,12843.48,0.157919,0.06963901449563979,2.070323,92.8,0.6895
3682,2,3800.77,12841.27,0.181656,0.06963500146772379,2.453657,94.1,0.6801
3683,2,3801.43,12838.99,0.171703,0.06963098705534779,1.741873,96.4,0.6636
3684,2,3802.12,12836.79,0.127008,0.06962697125868676,0.719529,93.6,0.6839
3685,2,3802.8,12834.58,0.120721,0.06962295407791577,0.583896,93.9,0.6815
3686,2,3803.54,12832.56,0.10433,0.06961893551320993,0.53984,86.7,0.7385
3687,2,3804.23,12830.37,0.079559,0.0696149155647444,0.331607,93.4,0.6851
3688,2,3804.93,12828.21,0.112111,0.06961089423269445,0.823731,91.9,0.6968
3689,2,3805.6,12825.99,0.123242,0.06960687151723535,1.381226,94.4,0.678
3690,2,3806.29,12823.8,0.154188,0.06960284741854246,1.244702,93.5,0.6847
3691,2,3806.97,12821.56,0.174065,0.0695988219367912,0.590456,95.2,0.6723
3692,2,3807.66,12819.39,0.134539,0.06959479507215706,0.595396,92.6,0.6912
3693,2,3808.37,12817.27,0.106313,0.06959076682481555,0.652066,90.8,0.7052
3694,2,3809.22,12815.66,0.134079,0.06958673719494227,0.801379,74.6,0.8575
3695,2,3809.91,12813.46,0.179611,0.06958270618271287,1.55096,93.6,0.6838
3696,2,3810.6,12811.28,0.137355,0.0695786737883031,1.578021,93.1,0.6878
3697,2,3811.29,12809.12,0.136772,0.0695746400118887,1.282434,92.4,0.6929
3698,2,3811.97,12806.89,0.203706,0.06957060485364554,0.544972,95.2,0.6722
3699,2,3812.75,12805.02,0.106159,0.0695665683137495,1.002423,82.0,0.7807
3700,2,3813.48,12803.0,0.139882,0.06956253039237653,1.289383,87.4,0.7322
3701,2,3814.18,12800.84,0.117195,0.06955849108970268,0.870665,93.4,0.6852
3702,2,3814.86,12798.65,0.185425,0.06955445040590398,0.69552,93.8,0.682
3703,2,3815.55,12796.45,0.115768,0.06955040834115661,0.634973,93.8,0.6823
3704,2,3816.22,12794.24,0.156786,0.06954636489563677,1.02751,94.7,0.6755
3705,2,3816.9,12792.02,0.157573,0.06954232006952069,0.98728,94.7,0.6756
3706,2,3817.58,12789.83,0.162701,0.06953827386298471,0.930572,93.8,0.6822
3707,2,3818.33,12787.86,0.111412,0.06953422627620519,1.520947,85.4,0.7493
3708,2,3819.21,12786.31,0.178043,0.06953017730935858,1.375368,73.5,0.8709
3709,2,3820.05,12784.66,0.05627,0.06952612696262139,0.488547,75.8,0.8443
3710,2,3820.82,12782.77,0.075311,0.06952207523617017,0.497778,83.2,0.7692
3711,2,3821.64,12781.02,0.149228,0.06951802213018154,0.641416,78.6,0.8143
3712,2,3822.32,12778.83,0.130972,0.0695139676448322,0.75354,94.2,0.6792
3713,2,3822.99,12776.59,0.137309,0.06950991178029885,0.776744,96.0,0.667
3714,2,3823.67,12774.38,0.16412,0.06950585453675832,0.946865,94.7,0.6757
3715,2,3824.35,12772.18,0.154542,0.06950179591438747,1.673828,94.4,0.6781
3716,2,3825.02,12769.97,0.113489,0.06949773591336321,0.907886,95.0,0.6737
3717,2,3825.71,12767.79,0.180838,0.06949367453386253,0.731073,93.5,0.6842
3718,2,3826.38,12765.58,0.117608,0.06948961177606246,0.683528,95.1,0.6729
3719,2,3827.08,12763.45,0.084845,0.06948554764014012,0.596186,91.9,0.6967
3720,2,3827.74,12761.2,0.114654,0.06948148212627264,0.653643,96.7,0.6617
3721,2,3828.44,12759.07,0.081193,0.06947741523463728,0.633008,92.2,0.6938
3722,2,3829.13,12756.92,0.113637,0.06947334696541128,0.726003,92.8,0.69
3723,2,3829.82,12754.75,0.069722,0.06946927731877202,0.46209,93.4,0.6854
3724,2,3830.5,12752.57,0.070099,0.06946520629489687,0.463376,94.1,0.68
3725,2,3831.19,12750.39,0.07909,0.0694611338939633,0.412404,93.8,0.6823
3726,2,3831.87,12748.23,0.075824,0.06945706011614886,0.410394,93.4,0.6856
3727,2,3832.56,12746.06,0.085838,0.06945298496163109,0.420874,93.7,0.6832
3728,2,3833.23,12743.85,0.119346,0.06944890843058765,0.922608,95.1,0.6729
3729,2,3833.91,12741.67,0.094454,0.06944483052319624,1.499599,94.0,0.6812
3730,2,3834.64,12739.66,0.101174,0.06944075123963461,1.504442,87.9,0.7284
3731,2,3835.33,12737.48,0.13306,0.0694366705800806,1.65588,93.9,0.6816
3732,2,3836.01,12735.32,0.144955,0.06943258854471208,0.818103,93.4,0.6853
3733,2,3836.71,12733.19,0.072126,0.06942850513370699,0.79687,92.2,0.6943
3734,2,3837.45,12731.2,0.118287,0.06942442034724335,1.268312,87.0,0.7353
3735,2,3838.13,12729.02,0.093036,0.06942033418549919,0.428765,94.3,0.6788
3736,2,3838.8,12726.82,0.099489,0.06941624664865265,0.666164,95.0,0.6736
3737,2,3839.49,12724.66,0.132534,0.0694121577368819,0.697517,93.7,0.6828
3738,2,3840.18,12722.52,0.088954,0.06940806745036521,0.618055,92.7,0.69
3739,2,3840.86,12720.36,0.129862,0.06940397578928084,0.480589,93.5,0.6845
3740,2,3841.54,12718.18,0.13951,0.0693998827538072,0.484707,94.5,0.6771
3741,2,3842.23,12716.02,0.125174,0.06939578834412266,0.600549,94.5,0.6773
3742,2,3842.94,12713.96,0.104701,0.06939169256040573,0.50793,89.8,0.7123
3743,2,3843.74,12712.16,0.106343,0.06938759540283493,0.818379,80.8,0.7921
3744,2,3844.55,12710.43,0.067884,0.06938349687158889,0.798052,78.7,0.8133
3745,2,3845.41,12708.85,0.104403,0.06937939696684625,0.989664,74.5,0.859
3746,2,3846.34,12707.51,0.142938,0.06937529568878573,1.791748,68.7,0.9311
3747,2,3847.13,12705.7,0.146263,0.06937119303758611,1.892071,81.2,0.788
3748,2,3847.94,12703.95,0.127686,0.06936708901342625,1.047535,79.7,0.8035
3749,2,3848.83,12702.47,0.098091,0.06936298361648503,1.104187,72.1,0.8879
3750,2,3849.5,12700.28,0.101718,0.0693588768469414,0.859684,95.2,0.6724
3751,2,3850.18,12698.12,0.192174,0.06935476870497441,0.860253,94.1,0.6802
3752,2,3850.86,12695.93,0.163744,0.06935065919076311,0.725599,95.2,0.6724
3753,2,3851.53,12693.74,0.15903,0.06934654830448667,1.200161,95.2,0.672
3754,2,3852.21,12691.56,0.154993,0.06934243604632426,0.584529,94.9,0.6743
3755,2,3852.89,12689.41,0.153646,0.06933832241645514,0.813329,93.6,0.6838
3756,2,3853.57,12687.24,0.137563,0.06933420741505866,0.70642,94.6,0.6768
3757,2,3854.25,12685.07,0.139983,0.06933009104231416,0.515842,94.4,0.6779
3758,2,3854.92,12682.87,0.137695,0.06932597329840111,0.539187,95.8,0.668
3759,2,3855.6,12680.71,0.09237,0.06932185418349898,0.709647,94.1,0.68
3760,2,3856.3,12678.6,0.087065,0.06931773369778735,0.428556,92.2,0.6942
3761,2,3856.98,12676.44,0.082422,0.06931361184144581,0.51318,95.7,0.6686
3762,2,3857.65,12674.26,0.095481,0.06930948861465407,0.972497,95.2,0.6725
3763,2,3858.33,12672.1,0.161292,0.06930536401759184,1.187556,94.0,0.6806
3764,2,3859.01,12669.93,0.082657,0.06930123805043893,0.78098,94.7,0.676
3765,2,3859.68,12667.76,0.127001,0.0692971107133752,0.522692,94.9,0.6744
3766,2,3860.36,12665.57,0.100081,0.06929298200658056,0.439068,95.6,0.6697
3767,2,3861.03,12663.4,0.1254,0.06928885193023497,1.194143,95.1,0.6729
3768,2,3861.7,12661.21,0.12613,0.06928472048451849,0.737681,95.6,0.6693
3769,2,3862.37,12659.03,0.151677,0.0692805876696112,0.662489,95.5,0.6705
3770,2,3863.05,12656.86,0.119765,0.06927645348569328,1.285107,95.0,0.6734
3771,2,3863.72,12654.69,0.168736,0.06927231793294492,0.836138,95.1,0.6728
3772,2,3864.4,12652.52,0.129254,0.0692681810115464,0.473249,95.1,0.6728
3773,2,3865.06,12650.3,0.148747,0.06926404272167805,0.56899,97.2,0.6583
3774,2,3865.73,12648.13,0.118427,0.06925990306352027,0.668975,94.8,0.6752
3775,2,3866.41,12645.99,0.113915,0.0692557620372535,0.375401,93.9,0.6814
3776,2,3867.1,12643.86,0.121172,0.06925161964305827,0.873244,93.6,0.684
3777,2,3867.78,12641.71,0.158659,0.06924747588111514,1.095805,94.3,0.6787
3778,2,3868.46,12639.56,0.173171,0.06924333075160476,0.995132,94.5,0.6773
3779,2,3869.13,12637.39,0.127942,0.06923918425470779,0.474065,95.4,0.671
3780,2,3869.82,12635.26,0.121031,0.06923503639060502,0.861142,93.7,0.6831
3781,2,3870.49,12633.09,0.199106,0.06923088715947723,0.899316,95.9,0.6672
3782,2,3871.16,12630.92,0.108516,0.0692267365615053,0.73564,95.7,0.6686
3783,2,3871.84,12628.77,0.124664,0.06922258459687017,0.601179,94.2,0.6795
3784,2,3872.51,12626.6,0.078018,0.0692184312657528,0.908827,95.5,0.6702
3785,2,3873.19,12624.43,0.146519,0.06921427656833429,1.132665,95.4,0.6708
3786,2,3873.86,12622.27,0.131313,0.06921012050479569,0.474695,95.1,0.6729
3787,2,3874.53,12620.1,0.103706,0.06920596307531822,1.004502,95.8,0.668
3788,2,3875.21,12617.96,0.126031,0.06920180428008307,0.973937,94.3,0.679
3789,2,3875.88,12615.8,0.138773,0.06919764411927154,0.528687,95.1,0.6728
3790,2,3876.55,12613.63,0.133903,0.069193482593065,1.080965,95.9,0.6675
3791,2,3877.23,12611.49,0.122428,0.06918931970164481,1.147436,94.5,0.6772
3792,2,3877.91,12609.36,0.117614,0.06918515544519248,0.529747,94.0,0.681
3793,2,3878.6,12607.23,0.157251,0.06918098982388951,0.399096,94.1,0.68
3794,2,3879.27,12605.09,0.113395,0.0691768228379175,0.551376,94.5,0.6772
3795,2,3880.01,12603.13,0.153374,0.06917265448745807,0.617899,87.2,0.7336
3796,2,3880.79,12601.33,0.142154,0.06916848477269294,1.608101,82.2,0.7788
3797,2,3881.55,12599.45,0.180242,0.06916431369380388,1.683237,84.4,0.7581
3798,2,3882.36,12597.75,0.118488,0.06916014125097271,1.102569,78.9,0.8107
3799,2,3883.13,12595.88,0.065319,0.06915596744438131,0.707887,84.1,0.7611
3800,2,3883.94,12594.18,0.199797,0.06915179227421162,0.59951,78.9,0.8114
3801,2,3884.63,12592.1,0.140337,0.06914761574064562,0.625648,93.2,0.6869
3802,2,3885.31,12589.97,0.117951,0.06914343784386541,0.594823,94.6,0.6762
3803,2,3886.0,12587.87,0.111657,0.06913925858405309,0.669007,93.0,0.6885
3804,2,3886.68,12585.74,0.166594,0.06913507796139085,0.684855,94.3,0.6787
3805,2,3887.37,12583.62,0.132377,0.0691308959760609,0.965469,93.8,0.6823
3806,2,3888.05,12581.5,0.115751,0.06912671262824556,0.663639,94.3,0.6785
3807,2,3888.73,12579.38,0.115614,0.0691225279181272,0.593839,93.8,0.6824
3808,2,3889.4,12577.23,0.145478,0.0691183418458882,0.953607,95.7,0.6691
3809,2,3890.07,12575.07,0.123113,0.06911415441171109,1.067676,95.5,0.6702
3810,2,3890.76,12572.98,0.127102,0.06910996561577835,0.9665,93.1,0.6873
3811,2,3891.43,12570.82,0.059604,0.06910577545827261,0.812915,95.9,0.6673
3812,2,3892.11,12568.68,0.169314,0.0691015839393765,0.647727,94.9,0.6744
3813,2,3892.78,12566.54,0.119094,0.06909739105927276,0.840917,95.4,0.6706
3814,2,3893.47,12564.44,0.120171,0.06909319681814416,0.464528,93.2,0.6868
3815,2,3894.15,12562.33,0.100273,0.0690890012161735,0.761655,93.8,0.6824
3816,2,3894.83,12560.22,0.102989,0.06908480425354371,0.769342,94.0,0.6808
3817,2,3895.52,12558.14,0.124873,0.06908060593043773,0.724233,92.9,0.6891
3818,2,3896.22,12556.06,0.14107,0.06907640624703856,0.482251,92.4,0.6926
3819,2,3896.9,12553.95,0.049587,0.06907220520352929,1.120395,94.3,0.6784
3820,2,3897.57,12551.82,0.209657,0.06906800280009302,2.244925,94.6,0.6762
3821,2,3898.26,12549.73,0.163217,0.06906379903691295,1.621151,94.4,0.6777
3822,2,3898.95,12547.65,0.175753,0.06905959391417234,1.287866,92.6,0.691
3823,2,3899.63,12545.51,0.092739,0.06905538743205449,1.024552,95.4,0.6705
3824,2,3900.3,12543.38,0.130156,0.06905117959074275,1.071628,95.0,0.6734
3825,2,3900.99,12541.3,0.121107,0.06904697039042057,0.835357,93.0,0.6881
3826,2,3901.67,12539.17,0.112532,0.06904275983127142,1.491028,94.8,0.675
3827,2,3902.34,12537.03,0.127981,0.06903854791347887,1.263436,95.6,0.6693
3828,2,3903.02,12534.93,0.152922,0.06903433463722647,1.309829,94.1,0.6799
3829,2,3903.69,12532.8,0.160631,0.06903012000269794,1.098683,95.2,0.6723
3830,2,3904.37,12530.67,0.164234,0.06902590401007695,0.848097,95.1,0.6727
3831,2,3905.03,12528.53,0.149931,0.06902168665954732,0.686156,95.9,0.6672
3832,2,3905.71,12526.39,0.15199,0.06901746795129286,0.382962,95.5,0.6703
3833,2,3906.38,12524.26,0.105474,0.0690132478854975,0.702046,95.2,0.6722
3834,2,3907.06,12522.15,0.121305,0.06900902646234518,0.937164,94.5,0.6769
3835,2,3907.73,12520.02,0.112855,0.0690048036820199,0.595672,95.5,0.6702
3836,2,3908.41,12517.91,0.12705,0.06900057954470579,0.533115,94.9,0.6746
3837,2,3909.08,12515.78,0.125021,0.06899635405058692,1.111902,95.4,0.6708
3838,2,3909.76,12513.66,0.13751,0.06899212719984753,0.926887,94.9,0.6746
3839,2,3910.43,12511.54,0.134178,0.06898789899267187,0.939637,95.3,0.6714
3840,2,3911.11,12509.44,0.122722,0.06898366942924422,0.375281,93.9,0.6817
3841,2,3911.79,12507.34,0.084289,0.068979438509749,0.890678,95.5,0.6702
3842,2,3912.46,12505.21,0.119972,0.0689752062343706,1.328736,95.7,0.669
3843,2,3913.13,12503.09,0.096228,0.06897097260329353,1.37362,95.4,0.6707
3844,2,3913.81,12500.98,0.092921,0.06896673761670234,1.240764,94.7,0.6756
3845,2,3914.6,12499.23,0.147971,0.06896250127478164,0.462223,81.2,0.7883
3846,2,3915.4,12497.52,0.115214,0.06895826357771608,0.820783,80.0,0.8004
3847,2,3916.09,12495.44,0.136679,0.0689540245256904,0.93016,93.9,0.6818
3848,2,3916.77,12493.37,0.136056,0.0689497841188894,0.490584,93.4,0.6855
3849,2,3917.46,12491.29,0.120879,0.06894554235749789,0.545809,93.6,0.6836
3850,2,3918.13,12489.17,0.074168,0.06894129924170081,1.200235,95.3,0.6713
3851,2,3918.83,12487.13,0.115889,0.0689370547716831,0.896102,92.4,0.693
3852,2,3919.5,12485.02,0.127109,0.06893280894762979,0.889491,94.8,0.6751
3853,2,3920.18,12482.91,0.188101,0.06892856176972596,0.895798,95.2,0.6725
3854,2,3920.85,12480.8,0.10768,0.06892431323815677,1.335105,95.2,0.6722
3855,2,3921.52,12478.69,0.127676,0.06892006335310738,1.985272,95.2,0.672
3856,2,3922.19,12476.57,0.145578,0.06891581211476307,1.841637,95.7,0.6688
3857,2,3922.88,12474.48,0.204801,0.06891155952330916,1.846798,94.1,0.6804
3858,2,3923.55,12472.38,0.102091,0.06890730557893102,1.576062,94.8,0.6749
3859,2,3924.24,12470.33,0.075991,0.06890305028181408,0.552563,92.7,0.6905
3860,2,3924.93,12468.26,0.149891,0.06889879363214385,0.878408,93.9,0.6819
3861,2,3925.61,12466.19,0.166909,0.06889453563010586,0.530212,94.2,0.6794
3862,2,3926.3,12464.12,0.121794,0.06889027627588575,0.470561,93.7,0.6831
3863,2,3926.97,12462.02,0.129324,0.06888601556966915,1.180577,95.1,0.6733
3864,2,3927.66,12459.95,0.140837,0.06888175351164184,1.831129,93.7,0.683
3865,2,3928.33,12457.84,0.168392,0.06887749010198958,1.414633,95.4,0.6707
3866,2,3929.03,12455.81,0.106787,0.06887322534089822,0.661611,92.0,0.6959
3867,2,3929.72,12453.76,0.099539,0.06886895922855367,0.533483,93.0,0.6883
3868,2,3930.43,12451.78,0.105134,0.06886469176514189,0.781255,90.1,0.7106
3869,2,3931.15,12449.82,0.107676,0.0688604229508489,0.886879,89.5,0.7153
3870,2,3931.85,12447.82,0.1364,0.0688561527858608,1.760164,90.8,0.7045
3871,2,3932.54,12445.78,0.132803,0.06885188127036372,1.015375,92.7,0.6903
3872,2,3933.25,12443.77,0.090264,0.06884760840454386,0.925678,91.2,0.7016
3873,2,3933.94,12441.72,0.105096,0.06884333418858748,0.868893,93.2,0.6865
3874,2,3934.62,12439.66,0.089722,0.06883905862268092,0.466636,93.7,0.6833
3875,2,3935.32,12437.66,0.145381,0.06883478170701053,0.545108,91.1,0.7025
3876,2,3936.03,12435.65,0.121746,0.06883050344176275,0.428747,91.6,0.6989
3877,2,3936.73,12433.64,0.108036,0.06882622382712408,1.250453,91.5,0.6993
3878,2,3937.4,12431.54,0.152035,0.0688219428632811,1.958752,95.3,0.6716
3879,2,3938.09,12429.5,0.150825,0.06881766055042038,1.014493,92.9,0.689
3880,2,3938.78,12427.47,0.135735,0.0688133768887286,0.628586,92.8,0.6899
3881,2,3939.48,12425.46,0.131636,0.06880909187839251,0.832083,92.3,0.6932
3882,2,3940.18,12423.45,0.130962,0.0688048055195989,2.091234,92.0,0.6954
3883,2,3940.87,12421.41,0.185815,0.0688005178125346,1.651828,92.9,0.6886
3884,2,3941.56,12419.36,0.16282,0.06879622875738652,1.414356,93.3,0.6857
3885,2,3942.25,12417.34,0.105111,0.06879193835434164,0.910763,92.5,0.6917
3886,2,3942.94,12415.27,0.166693,0.06878764660358697,0.632761,94.1,0.6798
3887,2,3943.61,12413.2,0.133765,0.06878335350530959,1.459942,94.6,0.6768
3888,2,3944.29,12411.12,0.129301,0.06877905905969665,1.159428,95.0,0.6734
3889,2,3944.98,12409.09,0.154216,0.06877476326693535,0.703885,92.7,0.6905
3890,2,3945.67,12407.07,0.140143,0.06877046612721294,0.672203,92.4,0.6926
3891,2,3946.36,12405.02,0.150363,0.06876616764071676,1.208519,93.7,0.6834
3892,2,3947.05,12403.0,0.127571,0.06876186780763416,1.308774,92.4,0.6923
3893,2,3947.76,12401.01,0.124876,0.0687575666281526,0.946732,91.0,0.7037
3894,2,3948.48,12399.07,0.16568,0.06875326410245956,0.861502,89.2,0.7173
3895,2,3949.19,12397.1,0.143887,0.06874896023074259,0.975084,90.4,0.7076
3896,2,3949.86,12395.02,0.124279,0.06874465501318931,1.722625,95.3,0.6716
3897,2,3950.56,12393.02,0.147616,0.06874034844998739,1.589361,91.6,0.6984
3898,2,3951.3,12391.14,0.145592,0.06873604054132457,1.452064,87.1,0.7348
3899,2,3951.97,12389.07,0.13293,0.0687317312873886,0.878892,94.6,0.6766
3900,2,3952.67,12387.07,0.165957,0.06872742068836736,0.429065,91.8,0.6973
3901,2,3984.69,12483.18,0.134528,0.06872310874444873,1.57843,86.9,0.7364
3902,2,3985.53,12481.59,0.132924,0.0687187954558207,1.079681,76.5,0.8365
3903,2,3986.21,12479.49,0.12185,0.06871448082267127,1.07143,94.7,0.6759
3904,2,3986.88,12477.38,0.094418,0.06871016484518853,1.100032,95.3,0.6718
3905,2,3987.57,12475.33,0.14851,0.06870584752356063,0.609972,92.4,0.6927
3906,2,3988.24,12473.22,0.153517,0.06870152885797574,0.562027,95.6,0.6695
3907,2,3988.95,12471.23,0.120153,0.06869720884862214,0.45839,90.3,0.7089
3908,2,3989.62,12469.11,0.168586,0.06869288749568815,0.469268,95.8,0.6682
3909,2,3990.3,12467.01,0.155888,0.06868856479936211,0.652756,94.6,0.6762
3910,2,3990.99,12464.94,0.140618,0.06868424075983247,1.099792,93.8,0.6824
3911,2,3991.67,12462.87,0.126623,0.06867991537728774,1.085462,93.9,0.6817
3912,2,3992.36,12460.81,0.078353,0.06867558865191645,0.35898,93.2,0.6863
3913,2,3993.09,12458.9,0.123478,0.0686712605839072,1.039289,87.3,0.7332
3914,2,3994.02,12457.57,0.087646,0.06866693117344869,0.993194,69.4,0.922
3915,2,3994.91,12456.16,0.154147,0.0686626004207296,0.766609,71.8,0.8916
3916,2,3995.66,12454.3,0.164489,0.06865826832593873,0.473348,85.3,0.7504
3917,2,3996.39,12452.37,0.134752,0.06865393488926493,0.626508,88.3,0.7245
3918,2,3997.06,12450.26,0.150404,0.06864960011089709,0.850384,95.4,0.6706
3919,2,3997.74,12448.17,0.118024,0.06864526399102418,1.276169,95.0,0.6734
3920,2,3998.51,12446.4,0.182837,0.06864092652983521,1.301454,82.5,0.7755
3921,2,3999.34,12444.77,0.131029,0.06863658772751925,0.846332,78.7,0.8131
3922,2,4000.08,12442.89,0.106092,0.06863224758426546,0.46884,86.1,0.7431
3923,2,4000.79,12440.88,0.144306,0.068627906100263,1.025371,91.5,0.6993
3924,2,4001.49,12438.88,0.1184,0.06862356327570113,0.769874,91.3,0.7013
3925,2,4002.2,12436.9,0.170457,0.06861921911076918,1.340156,90.1,0.7106
3926,2,4002.88,12434.83,0.13315,0.06861487360565649,0.369188,94.1,0.6798
3927,2,4003.57,12432.78,0.092426,0.0686105267605525,0.906748,93.3,0.6861
3928,2,4004.25,12430.7,0.123558,0.06860617857564669,0.789847,94.6,0.6762
3929,2,4004.94,12428.66,0.103022,0.0686018290511286,0.684571,93.0,0.6884
3930,2,4005.68,12426.78,0.162833,0.06859747818718785,0.942638,86.6,0.7388
3931,2,4006.54,12425.26,0.125298,0.06859312598401408,1.919292,75.0,0.8533
3932,2,4007.31,12423.48,0.188974,0.06858877244179701,2.130654,82.9,0.7725
3933,2,4008.0,12421.43,0.227839,0.06858441756072643,1.292865,93.7,0.683
3934,2,4008.71,12419.47,0.106709,0.06858006134099216,0.854695,89.4,0.7157
3935,2,4009.59,12418.01,0.092968,0.06857570378278412,0.616697,73.3,0.8732
3936,2,4010.38,12416.29,0.133004,0.06857134488629223,0.85572,81.0,0.7899
3937,2,4011.16,12414.52,0.142484,0.0685669846517065,1.672523,82.7,0.7739
3938,2,4011.98,12412.88,0.180257,0.06856262307921702,1.983039,78.2,0.8186
3939,2,4012.93,12411.66,0.171943,0.06855826016901391,1.577689,67.3,0.951
3940,2,4013.76,12410.05,0.151754,0.06855389592128736,1.089497,77.5,0.8254
3941,2,4014.66,12408.67,0.111232,0.06854953033622758,0.697627,72.2,0.8863
3942,2,4015.47,12407.0,0.135006,0.0685451634140249,0.364241,79.3,0.8075
3943,2,4016.27,12405.31,0.147302,0.06854079515486969,0.406122,80.0,0.7998
3944,2,4017.11,12403.74,0.110981,0.06853642555895234,0.41336,76.6,0.8359
3945,2,4017.93,12402.12,0.122529,0.06853205462646336,0.344341,77.8,0.8229
3946,2,4018.68,12400.27,0.102204,0.06852768235759327,0.621511,85.5,0.7482
3947,2,4019.38,12398.26,0.134676,0.06852330875253265,0.553175,92.4,0.6929
3948,2,4020.07,12396.24,0.084242,0.06851893381147216,0.484014,92.6,0.691
3949,2,4020.76,12394.21,0.146534,0.0685145575346025,0.806069,93.0,0.6882
3950,2,4021.44,12392.15,0.232869,0.06851017992211446,1.419344,94.0,0.6808
3951,2,4022.14,12390.15,0.079669,0.06850580097419884,1.127766,91.7,0.6981
3952,2,4022.81,12388.06,0.162315,0.06850142069104655,1.608837,95.8,0.6682
3953,2,4023.51,12386.05,0.080261,0.0684970390728485,1.070125,92.4,0.6926
3954,2,4024.31,12384.39,0.166129,0.06849265611979571,0.605759,79.4,0.8057
3955,2,4025.09,12382.63,0.128342,0.06848827183207926,0.658139,82.4,0.7772
3956,2,4025.86,12380.83,0.097741,0.06848388620989022,0.499743,84.2,0.7601
3957,2,4026.52,12378.74,0.141768,0.06847949925341981,0.594422,96.1,0.666
3958,2,4027.19,12376.65,0.149896,0.06847511096285924,1.479573,95.7,0.669
3959,2,4027.87,12374.59,0.18055,0.0684707213383998,1.733449,94.5,0.6774
3960,2,4028.55,12372.52,0.156151,0.06846633038023285,1.89365,95.1,0.6728
3961,2,4029.22,12370.43,0.123134,0.06846193808854979,1.301419,96.5,0.6631
3962,2,4029.9,12368.39,0.166134,0.06845754446354209,0.922463,93.9,0.6818
3963,2,4030.58,12366.33,0.126399,0.06845314950540127,0.499818,94.9,0.6747
3964,2,4031.25,12364.27,0.169857,0.06844875321431891,0.496011,94.8,0.675
3965,2,4031.93,12362.23,0.122966,0.06844435559048666,0.787746,94.0,0.6811
3966,2,4032.61,12360.16,0.1269,0.06843995663409619,0.827913,94.9,0.6742
3967,2,4033.32,12358.21,0.117005,0.0684355563453393,0.61628,90.3,0.709
3968,2,4034.0,12356.16,0.12995,0.06843115472440776,0.432776,94.5,0.6772
3969,2,4034.67,12354.09,0.110761,0.06842675177149347,0.516765,95.3,0.6715
3970,2,4035.35,12352.02,0.13699,0.06842234748678837,0.478036,95.2,0.6726
3971,2,4036.02,12349.94,0.141798,0.06841794187048442,0.761101,95.7,0.6687
3972,2,4036.69,12347.87,0.168816,0.06841353492277367,1.432713,95.7,0.669
3973,2,4037.36,12345.8,0.138308,0.06840912664384825,1.305956,95.5,0.67
3974,2,4038.09,12343.9,0.095054,0.0684047170339003,1.157757,88.1,0.7268
3975,2,4038.75,12341.82,0.15032,0.06840030609312207,1.047094,96.1,0.6662
3976,2,4039.42,12339.73,0.134342,0.0683958938217058,0.858943,96.9,0.6606
3977,2,4040.09,12337.66,0.123624,0.06839148021984386,0.758817,95.4,0.6712
3978,2,4040.76,12335.59,0.123537,0.0683870652877286,0.71546,96.0,0.6666
3979,2,4041.44,12333.55,0.104074,0.06838264902555251,0.403585,94.2,0.6793
3980,2,4042.12,12331.51,0.179041,0.0683782314335081,0.785881,94.6,0.6768
3981,2,4042.8,12329.47,0.121757,0.06837381251178792,0.946994,94.7,0.6758
3982,2,4043.48,12327.43,0.102048,0.06836939226058462,0.742748,94.8,0.6752
3983,2,4044.16,12325.4,0.140915,0.06836497068009086,0.537695,93.6,0.6836
3984,2,4044.82,12323.31,0.134105,0.0683605477704994,0.46111,96.7,0.6617
3985,2,4045.5,12321.25,0.10356,0.06835612353200303,0.365135,95.4,0.6711
3986,2,4046.19,12319.25,0.136599,0.06835169796479461,0.489107,92.7,0.6905
3987,2,4046.86,12317.2,0.186216,0.06834727106906706,0.75979,95.1,0.6731
3988,2,4047.54,12315.14,0.124208,0.06834284284501335,0.751001,95.6,0.6695
3989,2,4048.2,12313.08,0.119087,0.06833841329282651,1.107306,95.8,0.6678
3990,2,4048.88,12311.02,0.125972,0.06833398241269964,1.093228,95.5,0.6704
3991,2,4049.55,12308.96,0.151829,0.0683295502048259,0.578941,95.5,0.6699
3992,2,4050.22,12306.9,0.147999,0.06832511666939846,0.384272,95.8,0.6681
3993,2,4050.89,12304.84,0.12077,0.0683206818066106,0.829609,95.5,0.6703
3994,2,4051.56,12302.79,0.116885,0.06831624561665565,0.949676,95.3,0.6713
3995,2,4052.24,12300.77,0.123795,0.06831180809972698,0.903995,94.1,0.6798
3996,2,4052.92,12298.72,0.126733,0.06830736925601803,0.385009,95.1,0.6731
3997,2,4053.59,12296.66,0.137831,0.0683029290857223,0.661767,95.9,0.6672
3998,2,4054.26,12294.62,0.112867,0.06829848758903334,1.303804,95.0,0.6734
3999,2,4054.93,12292.56,0.145171,0.06829404476614474,1.073907,95.8,0.668
4000,2,4055.6,12290.5,0.074092,0.06828960061725022,0.452646,95.9,0.6672
4001,2,4056.32,12288.6,0.129213,0.06828515514254345,0.974581,95.1,0.6729
4002,2,4057.01,12286.59,0.146754,0.06828070834221824,0.797099,93.5,0.6847
4003,2,4057.69,12284.57,0.100605,0.06827626021646842,0.380275,94.3,0.6787
4004,2,4058.37,12282.54,0.081976,0.0682718107654879,0.525024,94.5,0.6771
4005,2,4059.04,12280.49,0.098693,0.06826735998947064,0.757339,95.6,0.6693
4006,2,4059.73,12278.5,0.09926,0.06826290788861065,1.353496,93.1,0.6872
4007,2,4060.41,12276.47,0.070406,0.068258454463102,1.329189,94.5,0.677
4008,2,4061.07,12274.4,0.145918,0.06825399971313884,1.27118,96.7,0.6617
4009,2,4061.74,12272.37,0.148665,0.06824954363891533,0.670197,95.1,0.673
4010,2,4062.41,12270.31,0.134834,0.06824508624062572,0.536869,96.2,0.6651
4011,2,4063.1,12268.3,0.130641,0.06824062751846434,0.626192,93.8,0.6827
4012,2,4063.77,12266.27,0.155968,0.06823616747262552,0.695203,95.2,0.6723
4013,2,4064.44,12264.22,0.120396,0.06823170610330372,0.521929,95.5,0.6702
4014,2,4065.11,12262.18,0.182948,0.06822724341069338,1.290825,95.6,0.6695
4015,2,4065.79,12260.17,0.153327,0.06822277939498904,1.286083,94.3,0.679
4016,2,4066.46,12258.11,0.153606,0.06821831405638529,1.12096,96.3,0.6643
4017,2,4067.14,12256.09,0.167557,0.0682138473950768,0.530499,94.4,0.6777
4018,2,4067.82,12254.07,0.152488,0.06820937941125825,0.832434,94.7,0.6757
4019,2,4068.52,12252.12,0.139481,0.06820491010512443,1.328856,91.5,0.6994
4020,2,4069.2,12250.1,0.128805,0.06820043947687016,1.115546,94.7,0.6755
4021,2,4069.88,12248.1,0.160744,0.0681959675266903,0.35521,94.5,0.6774
4022,2,4070.57,12246.12,0.080435,0.0681914942547798,0.381849,93.0,0.6881
4023,2,4071.27,12244.16,0.119316,0.06818701966133368,0.463636,92.2,0.6939
4024,2,4071.94,12242.13,0.121226,0.06818254374654696,0.453679,95.4,0.6707
4025,2,4072.61,12240.1,0.191136,0.06817806651061477,0.509303,95.0,0.6737
4026,2,4073.31,12238.14,0.099667,0.06817358795373227,0.705493,92.2,0.6944
4027,2,4073.99,12236.12,0.089945,0.06816910807609466,1.346031,95.0,0.674
4028,2,4074.67,12234.11,0.145256,0.06816462687789727,1.851404,94.3,0.6786
4029,2,4075.35,12232.11,0.184541,0.06816014435933544,1.211495,94.4,0.6778
4030,2,4076.03,12230.11,0.099867,0.06815566052060452,1.600465,93.9,0.6814
4031,2,4076.69,12228.06,0.091938,0.06815117536190002,0.693739,96.2,0.665
4032,2,4077.37,12226.04,0.144413,0.06814668888341742,1.403544,95.0,0.6735
4033,2,4078.04,12224.02,0.12548,0.06814220108535231,0.689703,95.0,0.6734
4034,2,4078.72,12222.01,0.156487,0.06813771196790029,0.731855,94.6,0.6765
4035,2,4079.4,12220.01,0.141316,0.06813322153125709,0.681451,94.4,0.678
4036,2,4080.08,12217.99,0.161507,0.06812872977561842,0.448529,95.0,0.6734
4037,2,4080.75,12215.97,0.083105,0.06812423670118009,0.482194,95.1,0.6729
4038,2,4081.42,12213.95,0.123064,0.06811974230813797,1.012631,95.4,0.6708
4039,2,4082.09,12211.91,0.08988,0.06811524659668798,1.186826,96.2,0.6654
4040,2,4082.76,12209.89,0.138402,0.06811074956702608,1.205303,95.5,0.6705
4041,2,4083.46,12207.93,0.194117,0.0681062512193483,0.908182,93.2,0.687
4042,2,4084.13,12205.91,0.11974,0.06810175155385072,0.505878,95.4,0.6706
4043,2,4084.82,12203.94,0.128766,0.0680972505707295,1.11959,93.0,0.6882
4044,2,4085.5,12201.95,0.107127,0.06809274827018086,0.391168,94.0,0.6811
4045,2,4086.18,12199.94,0.162129,0.06808824465240104,0.853703,95.0,0.6739
4046,2,4086.86,12197.94,0.135122,0.06808373971758636,0.610213,94.2,0.6792
4047,2,4087.52,12195.91,0.099818,0.06807923346593318,0.34203,96.0,0.6669
4048,2,4088.21,12193.94,0.11081,0.06807472589763797,0.789928,93.4,0.6851
4049,2,4088.89,12191.94,0.154215,0.0680702170128972,1.92618,94.7,0.6755
4050,2,4089.57,12189.96,0.141315,0.06806570681190743,1.269955,93.5,0.6842
4051,2,4090.25,12187.95,0.109839,0.06806119529486525,0.341648,95.4,0.6707
4052,2,4090.92,12185.93,0.153517,0.06805668246196733,0.535625,95.6,0.6693
4053,2,4091.6,12183.93,0.09066,0.06805216831341039,0.634141,94.6,0.6766
4054,2,4092.27,12181.93,0.193069,0.06804765284939122,1.142343,94.9,0.6745
4055,2,4092.94,12179.92,0.178502,0.06804313607010663,1.181803,95.3,0.6714
4056,2,4093.62,12177.91,0.160515,0.06803861797575353,0.55434,95.2,0.6724
4057,2,4094.3,12175.91,0.128549,0.06803409856652887,0.487757,94.7,0.6757
4058,2,4094.97,12173.9,0.086281,0.06802957784262964,0.750386,95.4,0.6708
4059,2,4095.67,12171.97,0.178624,0.06802505580425292,0.432203,92.0,0.6959
4060,2,4096.33,12169.93,0.117769,0.06802053245159584,0.731772,96.7,0.662
4061,2,4097.01,12167.96,0.180648,0.06801600778485556,1.284901,94.6,0.6764
4062,2,4097.7,12165.99,0.129757,0.06801148180422932,1.873005,93.4,0.6855
4063,2,4098.37,12163.98,0.15432,0.06800695450991441,1.295418,95.5,0.6705
4064,2,4099.04,12161.96,0.106567,0.0680024259021082,0.565376,96.3,0.6643
4065,2,4099.71,12159.96,0.120165,0.06799789598100807,0.436415,94.9,0.6744
4066,2,4100.38,12157.95,0.109581,0.06799336474681152,0.729287,96.0,0.667
4067,2,4101.05,12155.94,0.095723,0.06798883219971603,0.48749,95.7,0.6684
4068,2,4101.74,12153.96,0.0965,0.06798429833991922,0.720807,93.9,0.6813
4069,2,4102.41,12151.96,0.145983,0.0679797631676187,0.649817,95.1,0.6729
4070,2,4103.07,12149.94,0.130506,0.06797522668301216,1.194146,96.6,0.6625
4071,2,4103.76,12147.97,0.13791,0.06797068888629737,0.955847,93.5,0.6843
4072,2,4104.44,12146.0,0.060334,0.06796614977767214,0.410351,94.3,0.6785
4073,2,4105.1,12143.96,0.170192,0.06796160935733432,1.242854,96.9,0.6605
4074,2,4105.77,12141.96,0.17037,0.06795706762548184,0.977484,95.5,0.6703
4075,2,4106.44,12139.96,0.078491,0.0679525245823127,0.367216,95.8,0.6684
4076,2,4107.13,12137.99,0.109276,0.06794798022802491,1.074319,93.6,0.6838
4077,2,4107.79,12135.97,0.124851,0.06794343456281657,1.487032,96.6,0.6627
4078,2,4108.45,12133.94,0.112117,0.06793888758688583,0.834767,96.8,0.6609
4079,2,4109.13,12131.94,0.065589,0.0679343393004309,0.480671,95.6,0.6697
4080,2,4109.8,12129.95,0.130178,0.06792978970365006,1.281463,95.1,0.6731
4081,2,4110.48,12127.98,0.166897,0.06792523879674162,1.316857,95.3,0.6712
4082,2,4111.16,12126.01,0.116891,0.06792068657990395,1.194532,94.1,0.68
4083,2,4111.83,12124.01,0.159774,0.0679161330533355,1.057196,95.6,0.6697
4084,2,4112.51,12122.03,0.163616,0.06791157821723477,0.716195,95.0,0.6738
4085,2,4113.18,12120.05,0.167575,0.06790702207180031,0.560705,94.6,0.6765
4086,2,4113.84,12118.02,0.100959,0.0679024646172307,0.571989,97.2,0.6582
4087,2,4114.52,12116.04,0.131989,0.06789790585372465,0.572749,95.1,0.6727
4088,2,4115.19,12114.04,0.108894,0.06789334578148086,0.699589,95.5,0.6699
4089,2,4115.87,12112.06,0.125416,0.06788878440069811,0.844461,95.1,0.6732
4090,2,4116.53,12110.05,0.113312,0.06788422171157522,0.373008,96.6,0.6623
4091,2,4117.2,12108.04,0.134854,0.0678796577143111,0.458249,96.5,0.6631
4092,2,4117.87,12106.07,0.090437,0.0678750924091047,1.254685,94.8,0.6753
4093,2,4118.56,12104.11,0.167277,0.06787052579615505,1.600269,93.9,0.6814
4094,2,4119.33,12102.4,0.18287,0.06786595787566117,0.717321,83.6,0.7657
4095,2,4120.04,12100.53,0.140271,0.06786138864782222,0.525856,90.1,0.7103
4096,2,4120.75,12098.66,0.115719,0.06785681811283736,0.520855,90.3,0.709
4097,2,4121.46,12096.79,0.117212,0.06785224627090583,0.620617,90.3,0.7089
4098,2,4122.15,12094.87,0.116814,0.0678476731222269,0.405345,92.0,0.6954
4099,2,4122.85,12092.96,0.137129,0.06784309866699996,0.917559,91.9,0.6967
4100,2,4123.53,12091.0,0.159879,0.06783852290542439,1.010139,94.6,0.6769
4101,2,4124.21,12089.04,0.118207,0.06783394583769965,1.003046,95.3,0.6717
4102,2,4124.91,12087.14,0.139098,0.06782936746402529,1.424623,91.4,0.7
4103,2,4125.58,12085.15,0.171728,0.06782478778460085,0.789994,95.5,0.67
4104,2,4126.27,12083.21,0.113552,0.067820206799626,0.430897,93.6,0.6839
4105,2,4126.94,12081.22,0.123762,0.06781562450930041,0.44682,95.8,0.668
4106,2,4127.62,12079.26,0.165294,0.06781104091382384,0.607102,94.4,0.678
4107,2,4128.3,12077.31,0.149215,0.06780645601339609,1.388947,94.1,0.6799
4108,2,4128.97,12075.34,0.159917,0.067801869808217,1.533828,95.2,0.6723
4109,2,4129.64,12073.34,0.087247,0.06779728229848651,1.243103,96.3,0.6643
4110,2,4130.33,12071.41,0.118907,0.0677926934844046,0.996817,93.3,0.6862
4111,2,4131.0,12069.44,0.17584,0.06778810336617128,0.498224,94.8,0.6751
4112,2,4131.69,12067.51,0.121096,0.06778351194398667,1.168822,93.4,0.6851
4113,2,4132.38,12065.58,0.171507,0.06777891921805089,0.58485,93.2,0.6867
4114,2,4133.06,12063.64,0.130279,0.06777432518856416,0.446636,93.9,0.6818
4115,2,4133.74,12061.68,0.095728,0.06776972985572674,0.405565,94.8,0.675
4116,2,4134.42,12059.73,0.124644,0.06776513321973893,0.587874,94.2,0.6795
4117,2,4135.09,12057.76,0.104896,0.06776053528080112,0.375098,95.1,0.6729
4118,2,4135.79,12055.86,0.140228,0.06775593603911371,0.452895,92.0,0.696
4119,2,4136.47,12053.91,0.089955,0.06775133549487723,0.490952,94.7,0.6761
4120,2,4137.14,12051.94,0.104864,0.0677467336482922,0.485709,95.0,0.6737
4121,2,4137.83,12050.01,0.126646,0.06774213049955922,0.798793,94.5,0.6773
4122,2,4138.52,12048.09,0.176576,0.06773752604887896,1.69883,93.1,0.6877
4123,2,4139.2,12046.14,0.174808,0.06773292029645211,1.483115,94.8,0.6753
4124,2,4139.87,12044.16,0.105323,0.06772831324247948,1.485486,95.9,0.6675
4125,2,4140.54,12042.19,0.086211,0.06772370488716187,0.850361,95.2,0.6726
4126,2,4141.27,12040.4,0.072332,0.06771909523070016,0.478863,87.5,0.7314
4127,2,4141.97,12038.52,0.12976,0.0677144842732953,0.560187,91.4,0.6999
4128,2,4142.66,12036.61,0.073978,0.06770987201514828,1.0401,93.1,0.6873
4129,2,4143.35,12034.68,0.103555,0.06770525845646017,1.818785,93.5,0.6845
4130,2,4144.03,12032.74,0.195486,0.06770064359743207,0.643849,94.2,0.6793
4131,2,4144.71,12030.79,0.131828,0.06769602743826515,0.388256,94.5,0.6773
4132,2,4145.37,12028.79,0.113056,0.06769140997916064,0.48513,97.1,0.6593
4133,2,4146.05,12026.85,0.176388,0.0676867912203198,0.869291,94.6,0.6766
4134,2,4146.72,12024.88,0.194107,0.06768217116194401,1.696566,95.8,0.6683
4135,2,4147.39,12022.93,0.132679,0.06767754980423463,1.316001,95.1,0.6726
4136,2,4148.09,12021.03,0.10351,0.0676729271473931,0.52616,92.2,0.694
4137,2,4148.78,12019.13,0.138343,0.06766830319162095,0.376877,92.6,0.691
4138,2,4149.46,12017.19,0.103959,0.06766367793711976,0.822842,94.4,0.6779
4139,2,4150.15,12015.29,0.122733,0.06765905138409112,1.387871,92.6,0.6914
4140,2,4150.84,12013.37,0.130914,0.06765442353273671,1.421396,93.9,0.6818
4141,2,4151.52,12011.43,0.114745,0.06764979438325827,1.139663,95.2,0.6724
4142,2,4152.19,12009.47,0.120952,0.06764516393585761,0.718468,95.5,0.6704
4143,2,4152.87,12007.53,0.095049,0.06764053219073654,0.4177,94.6,0.6763
4144,2,4153.54,12005.59,0.120972,0.067635899148097,0.365775,94.8,0.6749
4145,2,4154.23,12003.66,0.110909,0.06763126480814094,0.486188,93.9,0.6819
4146,2,4154.9,12001.71,0.078655,0.06762662917107037,0.831945,95.6,0.6697
4147,2,4155.59,11999.79,0.110721,0.06762199223708737,1.53748,93.4,0.685
4148,2,4156.25,11997.81,0.156658,0.06761735400639406,0.632173,96.6,0.6627
4149,2,4156.94,11995.91,0.122744,0.06761271447919263,0.926145,92.9,0.6886
4150,2,4157.61,11993.95,0.134552,0.06760807365568533,1.018041,95.7,0.6691
4151,2,4158.33,11992.14,0.118974,0.06760343153607445,0.95273,89.3,0.7167
4152,2,4159.02,11990.24,0.164346,0.06759878812056236,1.181322,92.9,0.689
4153,2,4159.71,11988.34,0.107094,0.06759414340935145,1.104291,93.0,0.6879
4154,2,4160.39,11986.41,0.153114,0.06758949740264421,0.63608,94.4,0.678
4155,2,4161.06,11984.46,0.121148,0.06758485010064315,0.631383,95.4,0.671
4156,2,4161.74,11982.52,0.108064,0.06758020150355087,0.549045,95.2,0.6724
4157,2,4162.41,11980.57,0.146199,0.06757555161157,0.550037,95.2,0.6721
4158,2,4163.09,11978.65,0.156823,0.06757090042490323,0.395613,94.0,0.6808
4159,2,4163.77,11976.72,0.039363,0.06756624794375332,0.301004,94.7,0.6757
4160,2,4164.44,11974.76,0.149467,0.06756159416832307,0.7672,96.1,0.6663
4161,2,4165.12,11972.83,0.141882,0.06755693909881534,0.528206,95.0,0.6734
4162,2,4165.79,11970.88,0.098432,0.06755228273543307,0.971281,95.8,0.6683
4163,2,4166.46,11968.95,0.111122,0.06754762507837922,1.277249,94.7,0.6757
4164,2,4167.13,11966.98,0.19346,0.06754296612785682,1.749929,96.5,0.6634
4165,2,4167.8,11965.04,0.158367,0.06753830588406896,1.27662,95.5,0.67
4166,2,4168.48,11963.12,0.143269,0.0675336443472188,0.642595,93.9,0.6816
4167,2,4169.15,11961.18,0.105089,0.06752898151750955,0.622738,95.6,0.6693
4168,2,4169.84,11959.27,0.090994,0.06752431739514445,0.965965,93.9,0.6818
4169,2,4170.51,11957.34,0.143278,0.0675196519803268,0.838342,94.6,0.6765
4170,2,4171.2,11955.43,0.075976,0.06751498527326001,0.547111,94.1,0.6803
4171,2,4171.87,11953.48,0.105703,0.06751031727414748,0.696076,95.8,0.6684
4172,2,4172.54,11951.54,0.053861,0.06750564798319271,0.36778,95.3,0.6714
4173,2,4173.21,11949.6,0.097575,0.06750097740059924,0.665442,95.6,0.6691
4174,2,4173.9,11947.7,0.167317,0.06749630552657065,0.96581,93.4,0.685
4175,2,4174.57,11945.76,0.198214,0.0674916323613106,0.909284,95.5,0.6702
4176,2,4175.24,11943.82,0.079586,0.0674869579050228,0.552541,95.8,0.6679
4177,2,4175.92,11941.91,0.154006,0.06748228215791102,1.015055,94.0,0.6806
4178,2,4176.6,11939.99,0.095841,0.06747760512017908,1.236758,94.7,0.6757
4179,2,4177.26,11938.04,0.132406,0.06747292679203089,1.208635,96.0,0.6666
4180,2,4177.94,11936.12,0.160432,0.06746824717367031,1.654711,94.7,0.6761
4181,2,4178.62,11934.21,0.170935,0.0674635662653014,2.153337,94.8,0.675
4182,2,4179.31,11932.31,0.254693,0.06745888406712816,1.573106,93.9,0.6814
4183,2,4179.98,11930.37,0.169919,0.06745420057935474,0.451278,95.8,0.6681
4184,2,4180.65,11928.43,0.14063,0.06744951580218526,0.278212,95.6,0.6694
4185,2,4181.31,11926.49,0.153849,0.06744482973582396,0.750615,96.1,0.6657
4186,2,4181.99,11924.57,0.100056,0.06744014238047509,0.415928,94.6,0.6762
4187,2,4182.66,11922.64,0.176659,0.06743545373634299,0.60258,95.6,0.6697
4188,2,4183.33,11920.7,0.160602,0.06743076380363204,0.67994,95.6,0.6692
4189,2,4184.0,11918.74,0.125032,0.06742607258254668,0.778159,96.9,0.6605
4190,2,4184.67,11916.81,0.105408,0.06742138007329142,0.520756,95.5,0.6702
4191,2,4185.34,11914.89,0.107301,0.0674166862760708,0.378478,95.1,0.6728
4192,2,4186.02,11912.97,0.165527,0.06741199119108943,1.026327,95.1,0.6728
4193,2,4186.69,11911.05,0.171877,0.06740729481855198,1.203355,94.9,0.6743
4194,2,4187.36,11909.12,0.107912,0.06740259715866316,0.692053,95.6,0.6694
4195,2,4188.03,11907.2,0.164859,0.06739789821162775,0.99755,95.5,0.6705
4196,2,4188.72,11905.31,0.142287,0.0673931979776506,0.731609,93.5,0.6845
4197,2,4189.4,11903.4,0.117434,0.06738849645693658,0.345456,95.0,0.6738
4198,2,4190.19,11901.83,0.097239,0.06738379364969063,0.77809,80.4,0.7964
4199,2,4191.02,11900.33,0.134303,0.06737908955611778,0.983672,78.1,0.8196
4200,2,4191.82,11898.79,0.086769,0.06737438417642308,0.792007,79.3,0.8071
4201,2,4306.3,12219.81,0.102083,0.06736967751081162,0.51646,93.9,0.6816
4202,2,4306.97,12217.77,0.095225,0.06736496955948859,0.467501,96.0,0.6669
4203,2,4307.65,12215.76,0.15163,0.0673602603226592,0.892855,94.6,0.6764
4204,2,4308.31,12213.72,0.178485,0.06735554980052874,1.401725,96.4,0.6639
4205,2,4308.98,12211.69,0.117047,0.06735083799330258,1.08029,95.6,0.6696
4206,2,4309.65,12209.66,0.076493,0.06734612490118605,0.478453,96.2,0.665
4207,2,4310.33,12207.64,0.118293,0.06734141052438465,0.72245,94.9,0.6747
4208,2,4311.01,12205.66,0.123347,0.06733669486310385,1.712001,93.8,0.6826
4209,2,4311.68,12203.62,0.156546,0.06733197791754925,1.357979,96.0,0.6664
4210,2,4312.35,12201.58,0.086191,0.06732725968792645,1.053514,96.3,0.6646
4211,2,4313.03,12199.6,0.198109,0.06732254017444113,1.174433,93.8,0.6824
4212,2,4313.7,12197.56,0.140516,0.067317819377299,1.160252,96.2,0.6655
4213,2,4314.37,12195.54,0.114464,0.06731309729670586,1.057099,95.8,0.6683
4214,2,4315.04,12193.53,0.120011,0.06730837393286755,1.060848,94.7,0.6756
4215,2,4315.72,12191.52,0.173131,0.06730364928598997,0.658983,95.1,0.6731
4216,2,4316.4,12189.53,0.108658,0.06729892335627907,0.591261,94.1,0.6801
4217,2,4317.1,12187.59,0.149988,0.06729419614394087,0.588901,91.6,0.6985
4218,2,4317.77,12185.57,0.141136,0.06728946764918142,0.718527,95.6,0.6693
4219,2,4318.44,12183.54,0.124895,0.06728473787220685,0.722126,96.1,0.6659
4220,2,4319.11,12181.53,0.125065,0.06728000681322333,0.690068,95.3,0.6715
4221,2,4319.78,12179.51,0.126834,0.0672752744724371,1.095091,96.4,0.664
4222,2,4320.47,12177.54,0.173502,0.06727054085005445,0.672424,93.5,0.6846
4223,2,4321.14,12175.53,0.107967,0.06726580594628172,0.861256,95.0,0.6734
4224,2,4321.83,12173.57,0.121565,0.0672610697613253,1.366657,92.8,0.6896
4225,2,4322.52,12171.59,0.156676,0.06725633229539166,1.910404,94.0,0.6806
4226,2,4323.19,12169.6,0.155039,0.06725159354868732,1.609479,94.5,0.6772
4227,2,4323.87,12167.6,0.139044,0.06724685352141883,1.075145,94.7,0.6756
4228,2,4324.54,12165.58,0.104119,0.06724211221379284,1.007271,95.9,0.6674
4229,2,4325.21,12163.56,0.09127,0.067237369626016,1.084648,96.2,0.6654
4230,2,4325.88,12161.54,0.098786,0.06723262575829506,0.704748,95.8,0.668
4231,2,4326.55,12159.53,0.075457,0.0672278806108368,0.483888,95.4,0.6709
4232,2,4327.22,12157.52,0.08537,0.0672231341838481,0.733552,95.8,0.6678
4233,2,4327.88,12155.48,0.151781,0.06721838647753582,0.732119,96.9,0.6602
4234,2,4328.56,12153.51,0.169483,0.06721363749210696,1.102993,94.0,0.6809
4235,2,4329.24,12151.53,0.135267,0.0672088872277685,1.569428,94.2,0.6793
4236,2,4329.91,12149.52,0.197675,0.06720413568472752,1.488377,95.7,0.6689
4237,2,4330.58,12147.51,0.129229,0.06719938286319115,0.636932,95.8,0.6679
4238,2,4331.26,12145.51,0.141891,0.06719462876336658,0.529533,94.8,0.675
4239,2,4331.93,12143.5,0.137226,0.06718987338546105,1.000662,95.8,0.6679
4240,2,4332.61,12141.51,0.141626,0.06718511672968182,2.069919,94.8,0.6751
4241,2,4333.29,12139.53,0.171305,0.06718035879623625,1.633603,95.3,0.6716
4242,2,4333.95,12137.5,0.162412,0.06717559958533177,0.537222,97.0,0.6595
4243,2,4334.62,12135.5,0.110182,0.06717083909717583,0.396,95.2,0.6719
4244,2,4335.3,12133.52,0.128414,0.06716607733197594,0.597203,94.8,0.675
4245,2,4335.96,12131.5,0.083677,0.06716131428993967,0.341015,96.6,0.6628
4246,2,4336.64,12129.51,0.143621,0.06715654997127464,0.50889,94.6,0.6767
4247,2,4337.32,12127.55,0.125261,0.06715178437618856,0.383329,93.7,0.6829
4248,2,4338.0,12125.57,0.087927,0.06714701750488913,0.558343,94.7,0.6756
4249,2,4338.67,12123.56,0.110562,0.06714224935758419,1.132671,95.8,0.6684
4250,2,4339.33,12121.55,0.163615,0.06713747993448155,1.23976,96.7,0.662
4251,2,4340.0,12119.52,0.108244,0.06713270923578912,0.601867,96.8,0.6609
4252,2,4340.67,12117.53,0.1502,0.06712793726171488,0.462793,95.1,0.673
4253,2,4341.34,12115.53,0.106658,0.06712316401246685,0.392017,95.8,0.6683
4254,2,4342.01,12113.53,0.108501,0.06711838948825309,0.525436,95.9,0.6675
4255,2,4342.68,12111.54,0.139309,0.06711361368928172,0.402045,95.6,0.6695
4256,2,4343.36,12109.57,0.133992,0.06710883661576093,0.612617,94.0,0.6805
4257,2,4344.04,12107.59,0.141554,0.06710405826789897,0.833524,95.0,0.6736
4258,2,4344.72,12105.64,0.068163,0.06709927864590412,0.917264,93.6,0.684
4259,2,4345.4,12103.67,0.09577,0.06709449774998474,0.503355,94.5,0.6771
4260,2,4346.09,12101.73,0.104053,0.06708971558034922,1.531601,93.0,0.6882
4261,2,4346.78,12099.77,0.150315,0.06708493213720604,1.159398,95.1,0.6733
4262,2,4347.46,12097.8,0.152775,0.0670801474207637,0.733483,94.4,0.6779
4263,2,4348.13,12095.81,0.106925,0.06707536143123079,0.98522,95.5,0.6702
4264,2,4348.8,12093.83,0.141088,0.06707057416881591,1.110027,95.2,0.6722
4265,2,4349.46,12091.81,0.131317,0.06706578563372778,1.276085,96.9,0.6602
4266,2,4350.13,12089.82,0.09678,0.06706099582617511,0.859609,96.0,0.6666
4267,2,4350.79,12087.8,0.140929,0.06705620474636671,0.497958,96.9,0.6604
4268,2,4351.46,12085.8,0.157947,0.06705141239451141,0.610442,96.1,0.6659
4269,2,4352.13,12083.82,0.144535,0.06704661877081815,0.746786,95.5,0.6705
4270,2,4352.8,12081.84,0.135297,0.06704182387549584,0.963591,95.5,0.6703
4271,2,4353.5,12079.92,0.170013,0.06703702770875354,0.423676,92.2,0.6944
4272,2,4354.17,12077.94,0.103456,0.06703223027080031,0.782408,95.3,0.6714
4273,2,4354.85,12075.97,0.124863,0.06702743156184526,0.751881,94.9,0.6741
4274,2,4355.52,12073.97,0.109457,0.06702263158209759,1.136764,96.3,0.6645
4275,2,4356.19,12071.98,0.118988,0.06701783033176653,1.054788,96.0,0.6667
4276,2,4356.86,12070.0,0.128906,0.06701302781106137,0.642799,95.7,0.6689
4277,2,4357.53,12068.02,0.144909,0.06700822402019146,1.021669,95.2,0.6724
4278,2,4358.2,12066.04,0.083975,0.0670034189593662,1.017641,95.8,0.6682
4279,2,4358.87,12064.06,0.130119,0.06699861262879507,2.129981,95.1,0.6731
4280,2,4359.55,12062.09,0.238636,0.06699380502868756,1.92563,95.2,0.6722
4281,2,4360.22,12060.12,0.127413,0.06698899615925324,0.730446,95.9,0.6671
4282,2,4360.9,12058.16,0.120454,0.06698418602070176,1.096877,94.3,0.6784
4283,2,4361.59,12056.24,0.161959,0.06697937461324277,1.314996,92.7,0.6902
4284,2,4362.26,12054.26,0.117891,0.06697456193708602,1.064065,96.1,0.6662
4285,2,4362.94,12052.29,0.122943,0.06696974799244129,1.016324,94.8,0.6749
4286,2,4363.61,12050.33,0.108951,0.06696493277951845,0.810457,95.0,0.6733
4287,2,4364.28,12048.35,0.106617,0.06696011629852738,0.55578,95.5,0.6699
4288,2,4364.95,12046.38,0.151688,0.06695529854967805,0.627202,95.6,0.6692
4289,2,4365.62,12044.4,0.113646,0.06695047953318045,1.00918,95.6,0.6698
4290,2,4366.3,12042.43,0.107617,0.06694565924924469,1.328397,95.3,0.6716
4291,2,4366.98,12040.48,0.109514,0.06694083769808083,1.286132,94.4,0.678
4292,2,4367.65,12038.5,0.109669,0.06693601487989911,0.452706,95.8,0.6678
4293,2,4368.32,12036.53,0.139845,0.06693119079490974,1.35088,95.4,0.671
4294,2,4369.0,12034.58,0.089877,0.06692636544332299,0.930819,94.7,0.6759
4295,2,4369.69,12032.66,0.09616,0.06692153882534922,0.593784,93.0,0.6881
4296,2,4370.36,12030.69,0.144649,0.06691671094119883,0.533404,95.5,0.6698
4297,2,4371.03,12028.71,0.074633,0.06691188179108228,0.514936,96.3,0.6648
4298,2,4371.7,12026.76,0.091779,0.06690705137521005,0.401646,94.7,0.6758
4299,2,4372.37,12024.78,0.127583,0.06690221969379273,0.573458,96.4,0.6636
4300,2,4373.03,12022.79,0.099559,0.06689738674704093,0.419386,96.4,0.6642
4301,2,4373.71,12020.84,0.076605,0.06689255253516534,0.609207,95.6,0.6694
4302,2,4374.39,12018.89,0.174166,0.06688771705837666,1.011387,94.9,0.6744
4303,2,4375.06,12016.93,0.106802,0.0668828803168857,1.174608,95.1,0.673
4304,2,4375.74,12014.99,0.153681,0.06687804231090329,1.279559,94.2,0.6795
4305,2,4376.41,12013.03,0.151471,0.06687320304064032,1.787518,95.7,0.6687
4306,2,4377.1,12011.1,0.165441,0.06686836250630776,1.455952,93.8,0.6824
4307,2,4377.77,12009.15,0.146113,0.06686352070811659,2.002574,94.6,0.6762
4308,2,4378.45,12007.2,0.138123,0.06685867764627788,1.512856,95.0,0.6738
4309,2,4379.12,12005.25,0.127429,0.06685383332100275,1.82549,95.0,0.6739
4310,2,4379.79,12003.28,0.173452,0.06684898773250238,0.910304,96.0,0.6667
4311,2,4380.46,12001.3,0.139991,0.06684414088098797,0.823853,96.1,0.6658
4312,2,4381.14,11999.36,0.138415,0.06683929276667082,0.638447,94.9,0.6746
4313,2,4381.81,11997.39,0.135803,0.06683444338976224,0.560304,95.9,0.6675
4314,2,4382.48,11995.44,0.137674,0.06682959275047365,0.711677,95.2,0.6725
4315,2,4383.14,11993.46,0.187537,0.0668247408490165,0.989954,96.7,0.6621
4316,2,4383.81,11991.49,0.170291,0.06681988768560226,1.467523,95.9,0.6677
4317,2,4384.48,11989.54,0.132528,0.06681503326044251,0.893144,95.5,0.6699
4318,2,4385.16,11987.59,0.107709,0.06681017757374885,1.099619,95.1,0.6727
4319,2,4385.83,11985.63,0.112185,0.06680532062573295,1.150316,95.8,0.6681
4320,2,4386.5,11983.67,0.104368,0.06680046241660653,0.938861,95.4,0.6707
4321,2,4387.18,11981.74,0.162555,0.06679560294658136,0.966049,95.4,0.671
4322,2,4387.85,11979.8,0.125665,0.06679074221586928,0.502193,95.0,0.6736
4323,2,4388.52,11977.82,0.12472,0.06678588022468217,0.460888,97.0,0.6601
4324,2,4389.19,11975.87,0.160485,0.06678101697323198,0.600473,95.2,0.6721
4325,2,4389.86,11973.92,0.13905,0.06677615246173069,0.877925,95.2,0.672
4326,2,4390.54,11971.97,0.152736,0.06677128669039036,0.683792,95.3,0.6714
4327,2,4391.21,11970.02,0.110728,0.06676641965942309,1.09255,95.4,0.6705
4328,2,4391.88,11968.08,0.168731,0.06676155136904105,2.074188,95.5,0.6705
4329,2,4392.55,11966.12,0.125469,0.06675668181945646,1.851843,96.0,0.6667
4330,2,4393.24,11964.21,0.134648,0.06675181101088157,1.690838,93.3,0.6858
4331,2,4393.9,11962.25,0.147089,0.0667469389435287,0.810877,96.0,0.6664
4332,2,4394.59,11960.34,0.129827,0.06674206561761026,0.568466,93.5,0.6847
4333,2,4395.26,11958.4,0.096929,0.06673719103333865,0.666123,95.2,0.672
4334,2,4395.93,11956.45,0.129209,0.06673231519092639,1.196977,95.7,0.6687
4335,2,4396.6,11954.5,0.089917,0.066727438090586,1.017874,95.5,0.6701
4336,2,4397.28,11952.56,0.083579,0.0667225597325301,0.904853,95.4,0.6708
4337,2,4397.95,11950.61,0.153449,0.06671768011697134,0.491518,95.7,0.6686
4338,2,4398.62,11948.68,0.143431,0.06671279924412242,0.929907,94.9,0.6745
4339,2,4399.29,11946.72,0.11293,0.0667079171141961,0.715413,96.1,0.6663
4340,2,4399.98,11944.83,0.116768,0.06670303372740521,0.79265,92.9,0.689
4341,2,4400.66,11942.91,0.149249,0.06669814908396263,1.41105,95.2,0.6722
4342,2,4401.34,11940.99,0.128064,0.06669326318408125,0.969178,94.4,0.6778
4343,2,4402.02,11939.06,0.097967,0.0666883760279741,0.710403,94.8,0.6748
4344,2,4402.69,11937.12,0.221711,0.06668348761585419,0.612319,95.4,0.6707
4345,2,4403.36,11935.18,0.141826,0.06667859794793463,0.69295,95.6,0.6696
4346,2,4404.02,11933.21,0.102019,0.06667370702442854,0.471565,97.0,0.66
4347,2,4404.69,11931.26,0.077352,0.06666881484554915,0.935651,96.3,0.6647
4348,2,4405.36,11929.32,0.208114,0.06666392141150972,1.481374,95.3,0.6714
4349,2,4406.03,11927.38,0.176144,0.06665902672252354,0.906709,95.6,0.6696
4350,2,4406.7,11925.44,0.082976,0.06665413077880397,0.808185,95.8,0.6677
4351,2,4407.38,11923.51,0.129552,0.06664923358056445,1.153846,94.9,0.6741
4352,2,4408.05,11921.58,0.130144,0.06664433512801844,1.557889,95.5,0.6702
4353,2,4408.72,11919.64,0.128915,0.06663943542137948,1.372262,95.7,0.6691
4354,2,4409.39,11917.7,0.130479,0.06663453446086116,1.830254,95.6,0.6692
4355,2,4410.06,11915.77,0.150025,0.0666296322466771,0.958298,95.6,0.6695
4356,2,4410.73,11913.82,0.133159,0.06662472877904102,0.571461,96.3,0.6647
4357,2,4411.4,11911.9,0.104791,0.06661982405816665,1.068622,95.0,0.6738
4358,2,4412.06,11909.94,0.129959,0.0666149180842678,1.835599,96.7,0.6615
4359,2,4412.73,11908.0,0.204167,0.06661001085755833,1.560078,95.7,0.6689
4360,2,4413.41,11906.1,0.150008,0.06660510237825214,1.054077,94.3,0.6787
4361,2,4414.09,11904.18,0.131552,0.0666001926465632,0.796851,95.5,0.6702
4362,2,4414.76,11902.25,0.110454,0.06659528166270554,0.948552,95.5,0.6699
4363,2,4415.43,11900.31,0.142236,0.06659036942689324,0.817139,96.2,0.6652
4364,2,4416.1,11898.38,0.105713,0.0665854559393404,0.832556,95.1,0.6729
4365,2,4416.77,11896.44,0.107296,0.06658054120026125,0.594154,96.4,0.6642
4366,2,4417.44,11894.5,0.126185,0.06657562520987001,0.527375,96.3,0.6648
4367,2,4418.11,11892.58,0.109249,0.06657070796838097,0.511573,95.1,0.6733
4368,2,4418.78,11890.65,0.10835,0.06656578947600848,0.798229,95.6,0.6698
4369,2,4419.46,11888.74,0.14909,0.06656086973296696,0.582184,94.5,0.6775
4370,2,4420.13,11886.8,0.120819,0.06655594873947084,0.426188,96.4,0.6637
4371,2,4420.8,11884.88,0.142651,0.06655102649573465,0.572731,95.2,0.6726
4372,2,4421.47,11882.95,0.090943,0.06654610300197294,1.168953,96.0,0.6666
4373,2,4422.15,11881.05,0.133705,0.06654117825840036,1.732123,94.2,0.6794
4374,2,4422.81,11879.1,0.136022,0.06653625226523156,1.208337,96.7,0.6615
4375,2,4423.48,11877.18,0.113077,0.06653132502268128,0.656441,95.3,0.6713
4376,2,4424.16,11875.26,0.054023,0.06652639653096432,0.531349,95.4,0.6708
4377,2,4424.83,11873.35,0.084314,0.06652146679029548,1.000984,95.0,0.6737
4378,2,4425.49,11871.4,0.157382,0.0665165358008897,1.023395,97.1,0.6591
4379,2,4426.16,11869.47,0.098164,0.0665116035629619,0.871031,95.8,0.6683
4380,2,4426.84,11867.56,0.066643,0.0665066700767271,0.403113,95.3,0.6719
4381,2,4427.51,11865.66,0.078665,0.06650173534240035,0.65583,95.3,0.6718
4382,2,4428.19,11863.74,0.119365,0.06649679936019676,1.01532,95.5,0.6698
4383,2,4428.86,11861.84,0.16946,0.06649186213033148,0.936938,94.6,0.6765
4384,2,4429.53,11859.92,0.11286,0.06648692365301975,0.783262,95.5,0.6702
4385,2,4430.21,11858.02,0.112688,0.06648198392847685,0.725193,94.4,0.678
4386,2,4430.87,11856.07,0.128452,0.06647704295691809,1.679404,97.1,0.6589
4387,2,4431.55,11854.16,0.135952,0.06647210073855886,1.199354,95.5,0.6701
4388,2,4432.23,11852.28,0.138733,0.06646715727361462,0.829102,93.5,0.6848
4389,2,4432.91,11850.38,0.124746,0.06646221256230081,0.565744,94.9,0.6745
4390,2,4433.58,11848.46,0.142339,0.06645726660483303,0.619218,95.6,0.6693
4391,2,4434.26,11846.58,0.185766,0.06645231940142686,0.759378,94.0,0.681
4392,2,4434.93,11844.66,0.121608,0.06644737095229795,0.713798,95.7,0.6687
4393,2,4435.61,11842.77,0.137926,0.06644242125766202,1.35767,94.4,0.6778
4394,2,4436.28,11840.85,0.188761,0.06643747031773482,1.342951,96.0,0.6664
4395,2,4436.94,11838.91,0.141064,0.06643251813273218,0.490949,96.7,0.6617
4396,2,4437.61,11836.99,0.117805,0.06642756470286997,0.54758,96.0,0.6665
4397,2,4438.28,11835.08,0.156037,0.06642261002836411,0.743019,95.4,0.671
4398,2,4438.96,11833.2,0.129737,0.06641765410943058,0.838138,94.1,0.6798
4399,2,4439.65,11831.33,0.145966,0.06641269694628542,1.175772,93.7,0.683
4400,2,4440.32,11829.42,0.188327,0.06640773853914472,0.93822,95.5,0.6702
4401,2,4441.04,11827.63,0.092827,0.06640277888822463,0.446946,95.7,0.6691
4402,2,4441.71,11825.73,0.121427,0.06639781799374134,0.574449,95.2,0.6721
4403,2,4442.38,11823.82,0.112013,0.06639285585591109,0.69602,95.5,0.6704
4404,2,4443.05,11821.9,0.123678,0.06638789247495021,0.820312,96.2,0.6651
4405,2,4443.71,11819.98,0.162229,0.06638292785107504,0.660376,96.7,0.6622
4406,2,4444.39,11818.07,0.119175,0.066377961984502,0.683851,95.4,0.6709
4407,2,4445.05,11816.16,0.142353,0.06637299487544758,0.568835,95.8,0.6679
4408,2,4445.73,11814.26,0.162405,0.06636802652412828,0.990556,95.3,0.6714
4409,2,4446.4,11812.36,0.162883,0.06636305693076068,1.176476,95.5,0.6705
4410,2,4447.07,11810.44,0.158994,0.06635808609556142,1.269021,96.2,0.665
4411,2,4447.74,11808.54,0.120127,0.06635311401874716,0.905066,95.0,0.6735
4412,2,4448.41,11806.65,0.118126,0.06634814070053467,0.736779,95.3,0.6717
4413,2,4449.09,11804.75,0.175065,0.06634316614114072,1.700577,95.5,0.6701
4414,2,4449.76,11802.85,0.160742,0.06633819034078217,1.229797,95.4,0.6706
4415,2,4450.44,11800.98,0.130676,0.06633321329967592,1.373217,93.8,0.6824
4416,2,4451.12,11799.1,0.158847,0.06632823501803893,1.024967,94.2,0.6791
4417,2,4451.78,11797.18,0.124729,0.06632325549608821,1.090898,96.9,0.6607
4418,2,4452.45,11795.27,0.162557,0.06631827473404081,0.729039,96.0,0.6665
4419,2,4453.13,11793.38,0.09705,0.06631329273211387,0.956861,95.3,0.6716
4420,2,4453.8,11791.48,0.211391,0.06630830949052453,1.324375,95.4,0.6708
4421,2,4454.48,11789.61,0.143576,0.06630332500949004,0.926288,94.9,0.6747
4422,2,4455.15,11787.71,0.07692,0.06629833928922768,0.382632,95.6,0.6698
4423,2,4455.83,11785.84,0.146681,0.06629335232995477,1.308789,94.3,0.6789
4424,2,4456.5,11783.94,0.113341,0.06628836413188872,0.653471,95.9,0.6677
4425,2,4457.17,11782.03,0.108206,0.06628337469524696,0.42492,96.4,0.664
4426,2,4457.84,11780.13,0.104816,0.06627838402024698,0.363118,95.7,0.6689
4427,2,4458.51,11778.25,0.198226,0.06627339210710634,1.030725,94.6,0.6766
4428,2,4459.19,11776.38,0.120584,0.06626839895604263,1.17411,94.4,0.6781
4429,2,4459.87,11774.49,0.119641,0.06626340456727352,1.17545,95.6,0.6693
4430,2,4460.54,11772.6,0.13924,0.06625840894101671,0.862097,95.0,0.6735
4431,2,4461.21,11770.71,0.110055,0.06625341207749,1.188356,95.4,0.6709
4432,2,4461.89,11768.83,0.165591,0.06624841397691117,0.564512,94.9,0.6746
4433,2,4462.55,11766.93,0.07771,0.06624341463949812,0.495482,96.2,0.665
4434,2,4463.24,11765.07,0.10411,0.06623841406546876,0.358134,93.7,0.6829
4435,2,4463.91,11763.17,0.12179,0.06623341225504108,0.853007,96.2,0.6654
4436,2,4464.58,11761.28,0.113908,0.06622840920843309,0.912959,95.7,0.6688
4437,2,4465.25,11759.39,0.113604,0.06622340492586293,1.326759,95.3,0.6717
4438,2,4465.92,11757.5,0.139328,0.0662183994075487,1.358215,95.7,0.6687
4439,2,4466.59,11755.61,0.121097,0.06621339265370861,1.151759,95.7,0.6688
4440,2,4467.25,11753.7,0.118037,0.06620838466456093,1.209049,96.7,0.6618
4441,2,4467.92,11751.82,0.140989,0.06620337544032394,1.71097,96.1,0.6662
4442,2,4468.6,11749.93,0.158676,0.06619836498121602,1.465044,95.5,0.67
4443,2,4469.26,11748.02,0.124768,0.06619335328745556,1.050921,96.9,0.6606
4444,2,4469.93,11746.14,0.094562,0.06618834035926104,0.554454,95.5,0.6701
4445,2,4470.61,11744.28,0.150924,0.06618332619685097,0.548158,94.2,0.6792
4446,2,4471.28,11742.38,0.175104,0.06617831080044392,0.980335,96.3,0.6643
4447,2,4471.95,11740.49,0.122982,0.06617329417025855,0.866784,95.6,0.6696
4448,2,4472.62,11738.62,0.164738,0.06616827630651352,0.755912,95.2,0.6723
4449,2,4473.29,11736.72,0.116372,0.06616325720942756,1.298182,96.3,0.6643
4450,2,4473.95,11734.83,0.167633,0.06615823687921946,1.660655,95.9,0.6675
4451,2,4474.63,11732.95,0.1538,0.06615321531610806,1.156105,95.2,0.6721
4452,2,4475.29,11731.05,0.153133,0.06614819252031227,0.969316,96.6,0.6629
4453,2,4475.96,11729.17,0.115038,0.06614316849205103,0.431278,95.6,0.6696
4454,2,4476.63,11727.28,0.137828,0.06613814323154335,1.257366,96.3,0.6645
4455,2,4477.3,11725.41,0.147362,0.06613311673900829,2.093341,95.1,0.673
4456,2,4477.97,11723.53,0.196758,0.06612808901466495,0.979072,95.7,0.6686
4457,2,4478.64,11721.63,0.111852,0.0661230600587325,0.438708,96.7,0.6618
4458,2,4479.3,11719.74,0.216777,0.06611802987143016,1.234465,96.3,0.6648
4459,2,4479.97,11717.84,0.116659,0.0661129984529772,1.484991,96.8,0.6612
4460,2,4480.64,11715.98,0.154749,0.06610796580359296,0.968664,94.6,0.6765
4461,2,4481.32,11714.12,0.094341,0.06610293192349681,0.605437,95.3,0.6715
4462,2,4482.0,11712.27,0.111474,0.06609789681290817,0.370226,94.4,0.6778
4463,2,4482.68,11710.41,0.147614,0.06609286047204654,0.889662,94.7,0.6758
4464,2,4483.35,11708.54,0.128935,0.06608782290113147,0.530746,95.6,0.6698
4465,2,4484.02,11706.66,0.161533,0.06608278410038253,0.411381,95.6,0.6692
4466,2,4484.69,11704.78,0.109489,0.06607774407001939,0.679306,95.9,0.6677
4467,2,4485.37,11702.92,0.122447,0.06607270281026173,0.482265,95.1,0.6728
4468,2,4486.03,11701.03,0.106464,0.06606766032132932,0.319386,96.4,0.6638
4469,2,4486.69,11699.14,0.118565,0.06606261660344198,0.428502,96.8,0.6613
4470,2,4487.36,11697.26,0.116138,0.06605757165681955,0.607054,95.6,0.6694
4471,2,4488.04,11695.41,0.120218,0.06605252548168196,1.035284,94.6,0.6767
4472,2,4488.71,11693.52,0.116086,0.06604747807824918,0.707319,96.7,0.6617
4473,2,4489.38,11691.65,0.086448,0.06604242944674121,0.358624,95.7,0.6689
4474,2,4490.05,11689.79,0.145944,0.06603737958737817,0.92947,94.9,0.6747
4475,2,4490.72,11687.91,0.085182,0.06603232850038016,0.534147,96.0,0.6666
4476,2,4491.39,11686.05,0.163874,0.06602727618596735,0.981215,95.3,0.6716
4477,2,4492.07,11684.19,0.137979,0.06602222264436,1.598571,95.3,0.6713
4478,2,4492.74,11682.34,0.193168,0.06601716787577841,1.401052,94.6,0.6765
4479,2,4493.42,11680.48,0.143456,0.0660121118804429,0.941319,95.1,0.6727
4480,2,4494.08,11678.59,0.087042,0.06600705465857389,0.919488,96.8,0.6614
4481,2,4494.76,11676.74,0.117548,0.0660019962103918,0.8592,95.6,0.6692
4482,2,4495.43,11674.88,0.11639,0.06599693653611716,0.593897,95.2,0.6721
4483,2,4496.1,11673.02,0.169123,0.06599187563597052,0.609422,95.4,0.6712
4484,2,4496.77,11671.16,0.103432,0.06598681351017248,0.629746,95.4,0.6707
4485,2,4497.45,11669.31,0.190944,0.06598175015894371,0.790277,94.5,0.6769
4486,2,4498.12,11667.45,0.148275,0.06597668558250495,0.613254,95.6,0.6695
4487,2,4498.8,11665.59,0.137201,0.06597161978107696,0.553187,95.2,0.6722
4488,2,4499.46,11663.71,0.118494,0.06596655275488054,0.76935,96.9,0.6605
4489,2,4500.13,11661.84,0.14305,0.0659614845041366,0.567895,95.5,0.6699
4490,2,4500.8,11659.98,0.131082,0.06595641502906606,1.803907,95.5,0.6704
4491,2,4501.47,11658.13,0.249393,0.0659513443298899,1.600032,95.4,0.6705
4492,2,4502.15,11656.27,0.113625,0.06594627240682915,0.509723,95.3,0.6714
4493,2,4502.82,11654.41,0.106515,0.06594119926010494,0.568687,95.5,0.6705
4494,2,4503.49,11652.57,0.097568,0.06593612488993839,0.833624,95.0,0.6736
4495,2,4504.17,11650.72,0.106545,0.06593104929655068,0.608326,94.9,0.6742
4496,2,4504.83,11648.83,0.112908,0.06592597248016308,0.797077,97.2,0.6583
4497,2,4505.49,11646.95,0.097066,0.0659208944409969,0.72511,96.6,0.6622
4498,2,4506.17,11645.1,0.141121,0.0659158151792735,0.78709,95.2,0.6723
4499,2,4506.84,11643.25,0.121779,0.06591073469521429,1.261155,95.5,0.6704
4500,2,4507.51,11641.4,0.19421,0.06590565298904072,1.8822,95.5,0.67
4501,2,4551.95,11752.56,0.162379,0.06590057006097433,1.248315,92.6,0.6914
4502,2,4552.63,11750.67,0.086273,0.06589548591123667,0.535527,95.6,0.6694
4503,2,4553.3,11748.78,0.11284,0.06589040054004938,0.852576,95.3,0.6712
4504,2,4553.98,11746.92,0.153314,0.06588531394763412,0.73647,94.1,0.6803
4505,2,4554.65,11745.03,0.102341,0.06588022613421265,0.6011,95.8,0.6677
4506,2,4555.31,11743.13,0.113667,0.06587513710000673,0.946196,96.6,0.6628
4507,2,4555.98,11741.22,0.152379,0.0658700468452382,0.498392,96.5,0.6633
4508,2,4556.65,11739.34,0.147311,0.06586495537012897,0.775665,95.5,0.6701
4509,2,4557.31,11737.42,0.181473,0.06585986267490096,1.391276,97.4,0.6574
4510,2,4557.98,11735.53,0.1405,0.06585476875977618,1.593135,95.8,0.6684
4511,2,4558.65,11733.66,0.096538,0.06584967362497669,1.70819,95.1,0.673
4512,2,4559.33,11731.77,0.141879,0.06584457727072457,1.69386,95.5,0.6701
4513,2,4560.0,11729.9,0.156031,0.06583947969724199,1.208852,95.2,0.672
4514,2,4560.67,11728.02,0.082058,0.06583438090475116,0.563281,95.4,0.6708
4515,2,4561.34,11726.14,0.083136,0.06582928089347434,0.445569,95.4,0.6711
4516,2,4562.02,11724.27,0.080401,0.06582417966363385,0.798674,94.8,0.6748
4517,2,4562.68,11722.37,0.099102,0.06581907721545206,1.575958,96.6,0.6628
4518,2,4563.35,11720.47,0.173247,0.06581397354915139,1.516859,96.7,0.6617
4519,2,4564.02,11718.59,0.093779,0.06580886866495432,0.936799,95.1,0.6727
4520,2,4564.7,11716.73,0.110919,0.06580376256308336,1.235748,94.9,0.6742
4521,2,4565.37,11714.86,0.159245,0.06579865524376112,1.20491,95.8,0.6681
4522,2,4566.04,11712.98,0.114929,0.06579354670721023,0.947806,95.7,0.6685
4523,2,4566.71,11711.08,0.10021,0.06578843695365336,0.775859,96.3,0.6644
4524,2,4567.39,11709.23,0.164807,0.06578332598331325,1.31359,94.5,0.6774
4525,2,4568.05,11707.34,0.1327,0.06577821379641272,0.511858,96.0,0.6664
4526,2,4568.73,11705.49,0.119839,0.06577310039317459,0.542524,94.2,0.6796
4527,2,4569.41,11703.61,0.126838,0.06576798577382176,0.639487,95.5,0.6699
4528,2,4570.08,11701.75,0.136555,0.0657628699385772,0.641432,95.1,0.6728
4529,2,4570.75,11699.87,0.147356,0.06575775288766392,0.470662,95.8,0.668
4530,2,4571.42,11698.0,0.11529,0.06575263462130496,0.347798,95.4,0.6711
4531,2,4572.09,11696.12,0.087596,0.06574751513972343,0.759681,95.7,0.669
4532,2,4572.76,11694.25,0.143044,0.0657423944431425,1.109892,95.7,0.6691
4533,2,4573.42,11692.34,0.145686,0.06573727253178542,0.990036,97.5,0.6566
4534,2,4574.09,11690.46,0.135497,0.0657321494058754,0.555549,96.2,0.6651
4535,2,4574.76,11688.59,0.076741,0.06572702506563581,0.942369,95.4,0.671
4536,2,4575.43,11686.72,0.146815,0.06572189951129002,2.169732,95.6,0.6697
4537,2,4576.1,11684.84,0.140516,0.06571677274306147,1.413408,95.6,0.6693
4538,2,4576.77,11682.97,0.128016,0.0657116447611736,0.735456,95.7,0.669
4539,2,4577.45,11681.11,0.143281,0.06570651556584997,0.515745,94.9,0.6742
4540,2,4578.11,11679.22,0.10846,0.06570138515731416,0.777485,97.2,0.6586
4541,2,4578.79,11677.38,0.16649,0.06569625353578984,0.733027,94.9,0.6747
4542,2,4579.46,11675.51,0.089583,0.06569112070150068,0.75141,95.3,0.6718
4543,2,4580.14,11673.65,0.100123,0.06568598665467044,0.54939,95.4,0.6705
4544,2,4580.81,11671.79,0.10137,0.0656808513955229,0.366676,95.0,0.6736
4545,2,4581.48,11669.92,0.102133,0.06567571492428194,0.89161,95.8,0.668
4546,2,4582.17,11668.1,0.157731,0.06567057724117144,0.995603,93.3,0.6859
4547,2,4582.84,11666.23,0.151093,0.06566543834641536,1.150134,95.4,0.6709
4548,2,4583.5,11664.34,0.118616,0.06566029824023774,1.209418,97.3,0.6581
4549,2,4584.17,11662.47,0.178653,0.0656551569228626,1.614328,95.6,0.6692
4550,2,4584.83,11660.59,0.167375,0.06565001439451408,0.642545,96.6,0.6624
4551,2,4585.52,11658.76,0.157827,0.06564487065541635,0.813195,93.6,0.6834
4552,2,4586.19,11656.9,0.093092,0.06563972570579364,0.922557,95.9,0.6675
4553,2,4586.86,11655.03,0.091403,0.06563457954587022,0.505696,96.0,0.6668
4554,2,4587.52,11653.15,0.133163,0.0656294321758704,0.457405,96.5,0.6634
4555,2,4588.18,11651.27,0.169673,0.06562428359601859,1.177604,96.8,0.6612
4556,2,4588.84,11649.38,0.134376,0.0656191338065392,1.312025,97.1,0.6594
4557,2,4589.52,11647.54,0.098924,0.06561398280765673,0.85242,94.3,0.6786
4558,2,4590.19,11645.67,0.143475,0.06560883059959573,1.163497,96.4,0.664
4559,2,4590.86,11643.8,0.142287,0.06560367718258076,1.015762,96.1,0.6657
4560,2,4591.53,11641.94,0.124815,0.06559852255683647,0.656281,95.5,0.6699
4561,2,4592.21,11640.11,0.147542,0.06559336672258757,0.639002,94.8,0.6754
4562,2,4592.87,11638.24,0.104923,0.06558820968005881,0.781216,96.5,0.663
4563,2,4593.55,11636.39,0.191713,0.06558305142947499,1.710443,95.0,0.6738
4564,2,4594.21,11634.51,0.140323,0.06557789197106095,1.614718,97.0,0.6597
4565,2,4594.88,11632.65,0.164649,0.06557273130504163,1.229219,95.8,0.6682
4566,2,4595.56,11630.82,0.147325,0.06556756943164196,1.115321,94.2,0.6797
4567,2,4596.24,11628.97,0.119226,0.06556240635108697,0.784513,95.0,0.6735
4568,2,4596.91,11627.12,0.14849,0.06555724206360171,0.368713,95.4,0.6706
4569,2,4597.57,11625.25,0.085422,0.06555207656941131,0.516634,96.4,0.6636
4570,2,4598.24,11623.4,0.120105,0.06554690986874093,0.494789,95.7,0.6688
4571,2,4598.91,11621.53,0.143043,0.0655417419618158,0.727493,96.1,0.6662
4572,2,4599.58,11619.66,0.121272,0.0655365728488612,0.892889,96.6,0.6624
4573,2,4600.25,11617.81,0.081349,0.06553140253010246,0.543318,95.8,0.668
4574,2,4600.92,11615.95,0.142904,0.06552623100576496,0.436902,95.7,0.6688
4575,2,4601.59,11614.12,0.092361,0.06552105827607413,0.995341,94.9,0.6744
4576,2,4602.26,11612.26,0.150474,0.06551588434125544,0.885789,95.9,0.6674
4577,2,4602.93,11610.42,0.149388,0.06551070920153444,0.775792,95.2,0.6726
4578,2,4603.61,11608.57,0.12714,0.06550553285713674,1.134847,95.4,0.671
4579,2,4604.28,11606.73,0.127744,0.06550035530828797,1.220602,95.1,0.6729
4580,2,4604.94,11604.86,0.185312,0.06549517655521382,0.778544,96.6,0.6626
4581,2,4605.62,11603.03,0.110837,0.06548999659814005,0.906804,95.3,0.6715
4582,2,4606.3,11601.19,0.139826,0.06548481543729245,0.838118,95.2,0.6724
4583,2,4606.96,11599.34,0.127546,0.06547963307289689,0.770678,96.2,0.6653
4584,2,4607.64,11597.49,0.158298,0.06547444950517925,0.53593,95.5,0.6699
4585,2,4608.3,11595.64,0.08056,0.06546926473436551,0.377762,95.9,0.667
4586,2,4608.97,11593.79,0.154968,0.06546407876068167,0.724634,95.7,0.6688
4587,2,4609.64,11591.94,0.141546,0.06545889158435378,1.287625,96.2,0.6653
4588,2,4610.31,11590.08,0.214627,0.06545370320560798,2.136371,96.4,0.6639
4589,2,4610.98,11588.23,0.166003,0.06544851362467044,0.931583,95.6,0.6691
4590,2,4611.65,11586.38,0.162557,0.06544332284176736,0.830187,95.8,0.6678
4591,2,4612.32,11584.54,0.126261,0.06543813085712503,0.527406,95.4,0.671
4592,2,4612.98,11582.69,0.108937,0.06543293767096978,0.531114,96.2,0.665
4593,2,4613.66,11580.85,0.120213,0.06542774328352796,0.657994,95.5,0.6702
4594,2,4614.33,11579.02,0.092168,0.06542254769502603,1.20935,95.1,0.6732
4595,2,4615.01,11577.2,0.196525,0.06541735090569047,0.9608,94.3,0.6786
4596,2,4615.7,11575.4,0.139734,0.0654121529157478,0.476042,93.2,0.6866
4597,2,4616.43,11573.72,0.124104,0.0654069537254246,0.55819,87.3,0.7327
4598,2,4617.11,11571.89,0.115427,0.06540175333494753,0.487081,95.5,0.6704
4599,2,4617.78,11570.06,0.153465,0.06539655174454327,0.509516,94.8,0.6751
4600,2,4618.46,11568.25,0.138288,0.06539134895443857,0.450313,94.1,0.6803
4601,2,4619.15,11566.45,0.126074,0.06538614496486023,0.617232,94.0,0.6811
4602,2,4619.85,11564.69,0.11275,0.06538093977603508,0.780751,91.3,0.7013
4603,2,4620.65,11563.18,0.129487,0.06537573338819004,0.732292,80.3,0.797
4604,2,4621.55,11561.89,0.130542,0.06537052580155205,0.703974,71.9,0.8906
4605,2,4622.46,11560.66,0.111707,0.06536531701634814,1.146318,70.4,0.9086
4606,2,4623.29,11559.23,0.127603,0.06536010703280534,1.675338,77.0,0.8312
4607,2,4624.12,11557.79,0.201097,0.06535489585115077,2.229383,77.2,0.8289
4608,2,4625.08,11556.68,0.191518,0.0653496834716116,0.87204,66.7,0.9589
4609,2,4626.04,11555.57,0.164906,0.06534446989441503,1.046197,66.9,0.957
4610,2,4627.07,11554.63,0.112068,0.06533925511978833,1.036625,62.1,1.0307
4611,2,4628.04,11553.53,0.152513,0.06533403914795884,1.091632,66.5,0.9622
4612,2,4628.82,11551.98,0.128354,0.06532882197915389,1.097128,81.8,0.782
4613,2,4629.66,11550.56,0.09718,0.06532360361360096,0.42908,76.7,0.8341
4614,2,4630.49,11549.13,0.062441,0.06531838405152746,0.628873,77.1,0.8305
4615,2,4631.24,11547.49,0.124432,0.06531316329316096,0.524377,85.6,0.7477
4616,2,4632.07,11546.06,0.15026,0.06530794133872904,1.440762,77.0,0.8309
4617,2,4632.84,11544.48,0.138107,0.06530271818845931,0.602589,83.0,0.7708
4618,2,4633.51,11542.65,0.089656,0.06529749384257946,0.809622,95.5,0.6702
4619,2,4634.19,11540.82,0.115741,0.06529226830131725,0.79584,95.5,0.6703
4620,2,4634.87,11539.03,0.176315,0.06528704156490044,1.490396,93.2,0.6869
4621,2,4635.58,11537.28,0.134428,0.06528181363355688,1.242897,92.3,0.6932
4622,2,4636.25,11535.46,0.161209,0.06527658450751446,2.636973,95.1,0.6732
4623,2,4636.91,11533.6,0.166907,0.06527135418700114,1.864381,97.1,0.6594
4624,2,4637.61,11531.85,0.18164,0.06526612267224488,2.060878,91.3,0.7011
4625,2,4638.31,11530.08,0.206933,0.06526088996347376,1.522373,92.6,0.6913
4626,2,4639.05,11528.44,0.155398,0.06525565606091588,1.445366,86.0,0.7445
4627,2,4639.8,11526.79,0.181582,0.06525042096479937,0.520789,86.3,0.7412
4628,2,4640.62,11525.35,0.101296,0.06524518467535245,0.678676,77.8,0.8224
4629,2,4641.51,11524.06,0.139429,0.0652399471928034,0.856621,72.2,0.8864
4630,2,4642.22,11522.33,0.07494,0.06523470851738049,0.698494,90.4,0.708
4631,2,4643.02,11520.84,0.186174,0.0652294686493121,0.563046,79.7,0.8034
4632,2,4643.77,11519.19,0.167756,0.06522422758882664,0.560574,86.2,0.7425
4633,2,4644.62,11517.81,0.124501,0.06521898533615257,0.614098,75.7,0.8459
4634,2,4645.4,11516.27,0.111151,0.0652137418915184,0.952179,81.7,0.7832
4635,2,4646.16,11514.65,0.152456,0.06520849725515272,1.015436,85.2,0.7514
4636,2,4646.87,11512.93,0.088762,0.06520325142728414,1.073311,90.0,0.7109
4637,2,4647.62,11511.29,0.175742,0.06519800440814133,0.894379,85.9,0.7446
4638,2,4648.29,11509.48,0.214403,0.065192756197953,0.673008,94.8,0.6748
4639,2,4648.96,11507.66,0.137815,0.06518750679694796,0.594306,95.4,0.6709
4640,2,4649.64,11505.86,0.13092,0.06518225620535502,0.603579,94.5,0.6773
4641,2,4650.32,11504.06,0.143127,0.06517700442340305,0.729016,95.5,0.6704
4642,2,4651.0,11502.25,0.158382,0.06517175145132101,1.014664,94.9,0.6744
4643,2,4651.67,11500.43,0.08972,0.06516649728933785,1.515165,95.6,0.6695
4644,2,4652.36,11498.67,0.117807,0.06516124193768263,1.301718,92.7,0.6905
4645,2,4653.09,11497.0,0.148799,0.06515598539658443,1.22686,88.1,0.7264
4646,2,4653.86,11495.41,0.093515,0.0651507276662724,1.043083,84.0,0.7623
4647,2,4654.61,11493.8,0.133827,0.0651454687469757,1.263742,85.1,0.7524
4648,2,4655.38,11492.21,0.160244,0.06514020863892361,0.779061,83.8,0.7637
4649,2,4656.2,11490.76,0.109236,0.0651349473423454,0.570903,78.5,0.8151
4650,2,4657.0,11489.26,0.089515,0.06512968485747044,0.877124,80.1,0.7991
4651,2,4657.75,11487.65,0.109497,0.0651244211845281,0.785452,85.1,0.7519
4652,2,4658.46,11485.92,0.131745,0.06511915632374786,0.416555,90.8,0.705
4653,2,4659.15,11484.16,0.089831,0.0651138902753592,0.683995,92.6,0.6908
4654,2,4659.85,11482.42,0.09946,0.06510862303959168,1.295164,91.3,0.7009
4655,2,4660.54,11480.64,0.138429,0.06510335461667491,0.876077,94.0,0.6805
4656,2,4661.22,11478.86,0.117504,0.06509808500683853,1.165196,93.3,0.6859
4657,2,4661.91,11477.08,0.167096,0.06509281421031228,1.282123,94.0,0.681
4658,2,4662.61,11475.34,0.129928,0.06508754222732589,1.242705,91.4,0.7002
4659,2,4663.3,11473.59,0.171009,0.0650822690581092,0.884739,92.1,0.695
4660,2,4664.01,11471.85,0.127178,0.06507699470289205,1.114893,91.4,0.7005
4661,2,4664.78,11470.29,0.107965,0.06507171916190437,0.781475,83.8,0.7638
4662,2,4665.6,11468.85,0.171765,0.06506644243537613,0.504438,77.9,0.8217
4663,2,4666.29,11467.08,0.10388,0.06506116452353734,0.56991,93.3,0.6859
4664,2,4667.16,11465.76,0.084712,0.06505588542661807,0.412233,73.8,0.8675
4665,2,4667.93,11464.19,0.108124,0.06505060514484846,0.452519,83.8,0.764
4666,2,4668.7,11462.64,0.126802,0.06504532367845867,0.65599,82.6,0.7749
4667,2,4669.64,11461.47,0.123002,0.06504004102767892,1.063758,68.7,0.9317
4668,2,4670.34,11459.74,0.167383,0.0650347571927395,1.346475,91.3,0.7011
4669,2,4671.04,11458.01,0.093634,0.06502947217387074,0.3165,91.4,0.7001
4670,2,4671.75,11456.28,0.122522,0.06502418597130302,0.895023,91.1,0.7027
4671,2,4672.44,11454.52,0.180144,0.06501889858526676,0.404172,93.0,0.6879
4672,2,4673.13,11452.78,0.135746,0.06501361001599246,0.463,91.8,0.6969
4673,2,4673.8,11450.97,0.105094,0.06500832026371064,1.036117,95.8,0.6679
4674,2,4674.47,11449.16,0.146206,0.0650030293286519,1.940051,95.9,0.6676
4675,2,4675.15,11447.36,0.153904,0.06499773721104689,1.279807,94.9,0.6745
4676,2,4675.83,11445.59,0.161745,0.06499244391112628,2.145767,93.7,0.6831
4677,2,4676.52,11443.83,0.165542,0.0649871494291208,1.286502,93.4,0.6851
4678,2,4677.2,11442.05,0.138433,0.06498185376526126,1.509888,94.0,0.6808
4679,2,4677.91,11440.33,0.203373,0.06497655691977852,1.24205,91.0,0.7029
4680,2,4678.66,11438.73,0.13508,0.06497125889290346,1.319323,84.6,0.7561
4681,2,4679.38,11437.04,0.120521,0.06496595968486703,1.316381,90.3,0.7088
4682,2,4680.2,11435.61,0.091881,0.06496065929590022,0.8758,77.7,0.8238
4683,2,4681.04,11434.21,0.133357,0.0649553577262341,0.478913,76.8,0.833
4684,2,4681.82,11432.67,0.101444,0.06495005497609976,0.516362,82.5,0.776
4685,2,4682.72,11431.43,0.13273,0.06494475104572836,0.974006,71.2,0.8987
4686,2,4683.54,11430.0,0.182802,0.0649394459353511,1.472033,77.7,0.8234
4687,2,4684.31,11428.44,0.171551,0.06493413964519924,1.855566,83.3,0.7682
4688,2,4684.99,11426.67,0.171749,0.06492883217550408,1.103452,94.2,0.6792
4689,2,4685.66,11424.86,0.177558,0.06492352352649698,0.418606,96.2,0.6653
4690,2,4686.34,11423.07,0.132071,0.06491821369840936,0.757632,94.6,0.6763
4691,2,4687.02,11421.3,0.106363,0.06491290269147268,0.64162,94.2,0.6796
4692,2,4687.7,11419.54,0.116775,0.06490759050591845,0.689966,93.5,0.6844
4693,2,4688.39,11417.77,0.147463,0.06490227714197824,0.61713,93.9,0.6814
4694,2,4689.07,11415.99,0.085745,0.06489696259988367,0.539984,94.5,0.6773
4695,2,4689.74,11414.19,0.115728,0.0648916468798664,0.471782,95.6,0.6695
4696,2,4690.4,11412.38,0.156768,0.06488632998215815,1.102785,96.2,0.665
4697,2,4691.08,11410.59,0.14677,0.0648810119069907,1.194708,95.5,0.6703
4698,2,4691.76,11408.82,0.117026,0.06487569265459585,0.36967,94.1,0.6799
4699,2,4692.43,11407.04,0.151321,0.06487037222520549,0.727623,94.7,0.6761
4700,2,4693.11,11405.26,0.095741,0.06486505061905154,0.617827,94.9,0.6747
4701,2,4693.81,11403.53,0.141803,0.06485972783636598,0.747275,96.3,0.6647
4702,2,4694.5,11401.78,0.166112,0.06485440387738084,0.558176,93.0,0.6883
4703,2,4695.17,11399.99,0.085785,0.06484907874232819,0.601549,95.4,0.6708
4704,2,4695.85,11398.22,0.095326,0.06484375243144015,0.436387,94.8,0.6749
4705,2,4696.54,11396.48,0.103445,0.06483842494494892,0.770467,92.5,0.692
4706,2,4697.22,11394.71,0.149653,0.06483309628308673,0.788436,94.4,0.6777
4707,2,4697.9,11392.93,0.142381,0.06482776644608586,0.993248,94.8,0.6748
4708,2,4698.58,11391.15,0.161262,0.06482243543417864,1.338666,94.9,0.6746
4709,2,4699.25,11389.37,0.205667,0.06481710324759746,2.202842,94.8,0.675
4710,2,4699.92,11387.59,0.140754,0.06481176988657475,1.653302,95.4,0.6708
4711,2,4700.61,11385.82,0.273446,0.06480643535134302,2.037741,93.9,0.6818
4712,2,4701.28,11384.04,0.187962,0.06480109964213478,0.99483,95.3,0.6717
4713,2,4701.95,11382.26,0.147502,0.06479576275918264,0.832692,95.2,0.6721
4714,2,4702.63,11380.49,0.093522,0.06479042470271923,0.924535,94.9,0.6741
4715,2,4703.31,11378.71,0.114908,0.06478508547297726,0.493954,95.1,0.6728
4716,2,4703.98,11376.93,0.104877,0.06477974507018945,1.383826,95.0,0.6739
4717,2,4704.65,11375.14,0.239899,0.06477440349458861,1.016267,95.9,0.6674
4718,2,4705.33,11373.37,0.117903,0.06476906074640758,0.559129,94.7,0.6757
4719,2,4705.99,11371.55,0.192887,0.06476371682587927,1.000769,97.2,0.6586
4720,2,4706.66,11369.78,0.133809,0.0647583717332366,0.952969,95.2,0.6726
4721,2,4707.36,11368.05,0.100769,0.06475302546871262,0.426784,93.3,0.6859
4722,2,4708.03,11366.27,0.123262,0.06474767803254033,0.485506,95.7,0.6688
4723,2,4708.7,11364.48,0.185315,0.06474232942495285,0.682912,96.0,0.6669
4724,2,4709.37,11362.71,0.104124,0.06473697964618336,0.505223,94.5,0.6776
4725,2,4710.07,11360.99,0.090754,0.06473162869646501,0.666394,92.1,0.6948
4726,2,4710.75,11359.22,0.106387,0.0647262765760311,0.443135,95.0,0.674
4727,2,4711.41,11357.42,0.090708,0.0647209232851149,0.976301,96.5,0.6632
4728,2,4712.08,11355.64,0.181575,0.0647155688239498,1.575016,95.8,0.668
4729,2,4712.76,11353.88,0.127221,0.06471021319276919,2.676032,94.1,0.68
4730,2,4713.45,11352.15,0.158623,0.06470485639180654,1.635979,92.6,0.6914
4731,2,4714.13,11350.39,0.201334,0.06469949842129535,1.022667,94.3,0.6788
4732,2,4714.82,11348.64,0.16727,0.06469413928146918,0.798896,93.8,0.6825
4733,2,4715.49,11346.88,0.187496,0.06468877897256164,0.432519,94.9,0.6743
4734,2,4716.18,11345.13,0.086609,0.06468341749480641,0.618754,93.7,0.683
4735,2,4716.86,11343.37,0.132246,0.0646780548484372,0.438133,94.7,0.6758
4736,2,4717.54,11341.61,0.127868,0.06467269103368775,0.498635,94.1,0.6799
4737,2,4718.2,11339.83,0.199227,0.06466732605079191,0.52062,96.1,0.6657
4738,2,4718.88,11338.06,0.097196,0.06466195989998352,0.434305,95.1,0.6731
4739,2,4719.56,11336.29,0.10983,0.06465659258149653,0.742502,94.9,0.6742
4740,2,4720.23,11334.53,0.164377,0.06465122409556487,0.397184,95.0,0.6735
4741,2,4720.91,11332.77,0.1313,0.06464585444242257,0.630371,95.1,0.6726
4742,2,4721.58,11331.0,0.155423,0.06464048362230371,1.160037,96.0,0.6668
4743,2,4722.26,11329.24,0.132754,0.06463511163544239,0.353382,94.6,0.6767
4744,2,4722.93,11327.47,0.127374,0.06462973848207282,0.8597,95.1,0.6727
4745,2,4723.6,11325.7,0.1112,0.06462436416242918,0.557793,95.5,0.6701
4746,2,4724.37,11324.14,0.107811,0.06461898867674577,0.629557,84.2,0.7597
4747,2,4725.09,11322.5,0.110737,0.06461361202525692,0.434646,88.7,0.7215
4748,2,4725.76,11320.73,0.095455,0.064608234208197,1.212944,95.1,0.6729
4749,2,4726.45,11319.01,0.259411,0.06460285522580042,1.637451,92.8,0.6893
4750,2,4727.12,11317.22,0.111923,0.06459747507830167,1.003393,96.4,0.6641
4751,2,4727.81,11315.5,0.128196,0.06459209376593526,0.950911,92.5,0.6918
4752,2,4728.5,11313.77,0.149209,0.0645867112889358,0.675287,93.5,0.6845
4753,2,4729.17,11312.01,0.117434,0.06458132764753789,0.506667,94.9,0.6747
4754,2,4729.85,11310.26,0.179417,0.06457594284197624,1.155374,94.3,0.6788
4755,2,4730.53,11308.51,0.133812,0.06457055687248554,0.695607,94.9,0.6747
4756,2,4731.23,11306.8,0.133104,0.06456516973930061,0.694289,92.0,0.696
4757,2,4731.91,11305.05,0.127095,0.06455978144265627,0.897988,94.5,0.6771
4758,2,4732.57,11303.27,0.090716,0.0645543919827874,0.510017,96.4,0.664
4759,2,4733.25,11301.51,0.080856,0.06454900135992893,0.542475,95.1,0.6727
4760,2,4733.92,11299.75,0.083908,0.06454360957431585,0.76946,94.9,0.6744
4761,2,4734.61,11298.02,0.138255,0.0645382166261832,0.870317,94.4,0.6781
4762,2,4735.28,11296.26,0.148103,0.06453282251576604,0.590338,94.9,0.6745
4763,2,4735.96,11294.5,0.15164,0.06452742724329953,0.862394,95.6,0.6693
4764,2,4736.63,11292.74,0.113113,0.06452203080901886,0.684087,95.6,0.6692
4765,2,4737.3,11290.98,0.103107,0.06451663321315926,0.628844,95.0,0.6738
4766,2,4737.97,11289.21,0.143308,0.06451123445595601,0.763464,95.8,0.668
4767,2,4738.65,11287.48,0.118022,0.06450583453764447,0.726856,94.0,0.6811
4768,2,4739.33,11285.73,0.130686,0.06450043345846,0.75667,94.8,0.6749
4769,2,4740.02,11284.01,0.130844,0.06449503121863805,1.450612,93.1,0.6877
4770,2,4740.69,11282.26,0.168179,0.06448962781841412,1.86787,94.9,0.6743
4771,2,4741.38,11280.52,0.147937,0.06448422325802376,1.474269,93.8,0.6826
4772,2,4742.05,11278.77,0.121936,0.06447881753770256,0.602806,95.3,0.6718
4773,2,4742.72,11277.0,0.117287,0.06447341065768614,0.460461,96.1,0.6656
4774,2,4743.39,11275.23,0.130722,0.06446800261821022,1.413853,96.1,0.6661
4775,2,4744.06,11273.47,0.152454,0.06446259341951051,2.126773,95.3,0.6713
4776,2,4744.73,11271.72,0.171847,0.06445718306182283,1.302857,95.4,0.6707
4777,2,4745.41,11269.97,0.124877,0.06445177154538302,0.850134,94.8,0.675
4778,2,4746.08,11268.21,0.13527,0.06444635887042698,0.417966,95.3,0.6712
4779,2,4746.75,11266.46,0.1043,0.06444094503719063,0.443223,95.5,0.6705
4780,2,4747.43,11264.72,0.125739,0.06443553004590998,0.471176,94.3,0.679
4781,2,4748.1,11262.95,0.1131,0.06443011389682109,0.4491,97.2,0.6584
4782,2,4748.77,11261.19,0.146302,0.06442469659016005,1.336017,95.7,0.669
4783,2,4749.44,11259.44,0.160647,0.064419278126163,0.777304,95.0,0.674
4784,2,4750.12,11257.71,0.189996,0.06441385850506615,0.891043,94.0,0.6807
4785,2,4750.8,11255.97,0.150568,0.06440843772710574,0.72144,94.8,0.6748
4786,2,4751.48,11254.24,0.160174,0.06440301579251807,0.453826,94.4,0.6776
4787,2,4752.15,11252.49,0.116876,0.06439759270153948,0.50108,95.1,0.6733
4788,2,4752.82,11250.73,0.13926,0.0643921684544064,0.529374,95.8,0.6684
4789,2,4753.49,11248.97,0.101283,0.06438674305135525,0.880352,95.9,0.6674
4790,2,4754.2,11247.3,0.145478,0.06438131649262255,2.015494,90.9,0.7042
4791,2,4754.88,11245.57,0.158717,0.06437588877844481,1.266576,94.6,0.6768
4792,2,4755.57,11243.88,0.12726,0.0643704599090587,0.729669,91.9,0.6967
4793,2,4756.25,11242.14,0.138515,0.0643650298847008,0.366659,94.5,0.6772
4794,2,4756.96,11240.48,0.131845,0.06435959870560787,0.725945,90.7,0.7053
4795,2,4757.67,11238.83,0.145015,0.06435416637201663,0.559424,90.0,0.7115
4796,2,4758.35,11237.09,0.191458,0.06434873288416389,0.69984,94.5,0.6771
4797,2,4759.02,11235.33,0.13562,0.0643432982422865,0.338094,96.0,0.6665
4798,2,4759.69,11233.57,0.124841,0.06433786244662136,0.490058,96.3,0.6646
4799,2,4760.36,11231.84,0.15956,0.06433242549740543,0.552452,94.7,0.6758
4800,2,4761.04,11230.11,0.136777,0.06432698739487572,0.64807,94.6,0.6762
4801,2,4855.96,11450.6,0.119525,0.06432154813926927,0.63133,95.9,0.6671
4802,2,4856.63,11448.79,0.09508,0.06431610773082319,1.015574,95.2,0.6725
4803,2,4857.31,11446.99,0.133342,0.06431066616977464,1.223577,94.7,0.6762
4804,2,4857.98,11445.19,0.153439,0.06430522345636082,1.635649,95.2,0.6723
4805,2,4858.66,11443.38,0.179594,0.06429977959081898,1.464798,95.1,0.6729
4806,2,4859.32,11441.55,0.148272,0.06429433457338643,0.546702,97.0,0.6598
4807,2,4859.99,11439.74,0.145904,0.06428888840430054,1.272862,95.2,0.672
4808,2,4860.66,11437.93,0.133779,0.0642834410837987,1.672742,95.8,0.6683
4809,2,4861.34,11436.12,0.171579,0.06427799261211838,1.106001,95.4,0.6707
4810,2,4862.01,11434.32,0.136178,0.06427254298949704,0.738462,94.7,0.6761
4811,2,4862.69,11432.52,0.161197,0.0642670922161723,1.506993,95.5,0.6702
4812,2,4863.36,11430.72,0.113718,0.06426164029238172,0.928387,94.9,0.6746
4813,2,4864.03,11428.9,0.183902,0.06425618721836297,0.632506,96.4,0.6637
4814,2,4864.7,11427.09,0.129387,0.06425073299435377,0.622104,95.8,0.668
4815,2,4865.37,11425.29,0.189855,0.06424527762059186,0.647428,94.8,0.6748
4816,2,4866.05,11423.49,0.086001,0.06423982109731505,0.417688,95.2,0.6721
4817,2,4866.73,11421.7,0.079778,0.0642343634247612,0.800953,94.4,0.6778
4818,2,4867.4,11419.9,0.0773,0.06422890460316823,1.384088,95.1,0.6732
4819,2,4868.09,11418.15,0.188591,0.06422344463277407,1.496874,92.6,0.6913
4820,2,4868.76,11416.34,0.146131,0.06421798351381676,1.222786,95.5,0.67
4821,2,4869.46,11414.6,0.140882,0.06421252124653433,1.03886,92.4,0.6925
4822,2,4870.13,11412.79,0.07108,0.0642070578311649,0.817194,95.9,0.6674
4823,2,4870.81,11411.01,0.104696,0.06420159326794661,1.418715,94.3,0.6784
4824,2,4871.49,11409.21,0.152928,0.06419612755711769,1.129227,95.1,0.6733
4825,2,4872.18,11407.45,0.117607,0.06419066069891638,0.434364,93.0,0.6882
4826,2,4872.85,11405.66,0.138685,0.064185192693581,1.555326,95.2,0.6725
4827,2,4873.53,11403.88,0.13385,0.06417972354134992,1.566652,94.0,0.6805
4828,2,4874.21,11402.1,0.124765,0.06417425324246151,1.25057,94.3,0.6788
4829,2,4874.88,11400.29,0.148726,0.06416878179715425,1.017377,96.5,0.6631
4830,2,4875.55,11398.5,0.17976,0.06416330920566665,0.489837,94.7,0.6758
4831,2,4876.25,11396.76,0.13126,0.06415783546823726,0.988629,92.0,0.6953
4832,2,4876.93,11394.98,0.13743,0.06415236058510469,1.341786,94.5,0.677
4833,2,4877.6,11393.19,0.142933,0.06414688455650762,1.389686,95.1,0.6728
4834,2,4878.28,11391.39,0.210415,0.06414140738268471,2.075494,95.2,0.6721
4835,2,4878.95,11389.6,0.145334,0.06413592906387475,1.495247,95.3,0.6712
4836,2,4879.62,11387.8,0.140521,0.06413044960031654,0.971381,95.4,0.6706
4837,2,4880.3,11386.01,0.110118,0.06412496899224894,0.574384,95.2,0.6725
4838,2,4880.97,11384.22,0.103412,0.06411948723991086,0.562197,95.1,0.6732
4839,2,4881.65,11382.44,0.106854,0.06411400434354124,0.800079,94.6,0.6764
4840,2,4882.32,11380.65,0.146591,0.0641085203033791,1.253319,95.1,0.673
4841,2,4883.0,11378.88,0.093038,0.06410303511966349,0.86214,94.8,0.6751
4842,2,4883.69,11377.11,0.069966,0.06409754879263352,0.440033,94.0,0.681
4843,2,4884.36,11375.33,0.120265,0.06409206132252834,0.681906,94.9,0.6743
4844,2,4885.03,11373.54,0.122645,0.06408657270958718,0.386736,95.4,0.6708
4845,2,4885.7,11371.74,0.105487,0.06408108295404927,0.680072,95.9,0.6674
4846,2,4886.4,11369.99,0.116735,0.06407559205615392,0.619136,92.7,0.6906
4847,2,4887.08,11368.22,0.089279,0.06407010001614048,0.555878,94.3,0.6789
4848,2,4887.74,11366.42,0.068665,0.06406460683424837,0.767616,96.2,0.6655
4849,2,4888.4,11364.6,0.116253,0.06405911251071704,0.846656,97.1,0.6591
4850,2,4889.07,11362.81,0.159332,0.064053617045786,0.742531,95.6,0.6691
4851,2,4889.75,11361.03,0.091368,0.0640481204396948,1.054183,94.8,0.6751
4852,2,4890.42,11359.25,0.140839,0.06404262269268303,0.720492,95.2,0.6724
4853,2,4891.09,11357.45,0.106808,0.06403712380499035,0.488422,96.1,0.6661
4854,2,4891.76,11355.65,0.098904,0.06403162377685648,0.493663,96.2,0.6652
4855,2,4892.43,11353.86,0.10795,0.06402612260852117,0.508405,95.4,0.6708
4856,2,4893.11,11352.1,0.132358,0.0640206203002242,0.451232,93.8,0.682
4857,2,4893.79,11350.32,0.078167,0.06401511685220546,0.98071,95.2,0.6721
4858,2,4894.46,11348.53,0.146436,0.06400961226470483,0.84452,95.5,0.6704
4859,2,4895.14,11346.77,0.141147,0.06400410653796226,0.62131,94.0,0.6809
4860,2,4895.82,11345.01,0.135888,0.06399859967221776,0.595073,94.4,0.6781
4861,2,4896.49,11343.21,0.181456,0.06399309166771137,0.909974,97.1,0.6592
4862,2,4897.17,11341.44,0.088973,0.0639875825246832,0.464438,94.3,0.6786
4863,2,4897.83,11339.65,0.144592,0.06398207224337339,0.770461,96.1,0.666
4864,2,4898.51,11337.87,0.118707,0.06397656082402216,0.907683,95.1,0.6729
4865,2,4899.18,11336.09,0.115579,0.06397104826686975,0.524393,95.0,0.6737
4866,2,4899.86,11334.32,0.141196,0.06396553457215647,0.507734,95.1,0.6731
4867,2,4900.53,11332.54,0.1195,0.06396001974012264,0.721781,95.5,0.6705
4868,2,4901.21,11330.79,0.10395,0.06395450377100868,1.091895,93.5,0.6842
4869,2,4901.88,11328.99,0.120452,0.06394898666505504,0.440545,96.3,0.6646
4870,2,4902.57,11327.24,0.12916,0.0639434684225022,0.526126,93.7,0.6827
4871,2,4903.24,11325.46,0.086548,0.06393794904359074,0.632814,95.7,0.6689
4872,2,4903.92,11323.71,0.204226,0.06393242852856122,1.558886,93.6,0.6837
4873,2,4904.6,11321.94,0.215917,0.0639269068776543,1.711871,95.1,0.6729
4874,2,4905.27,11320.16,0.125034,0.0639213840911107,0.738114,95.1,0.6728
4875,2,4905.95,11318.39,0.12442,0.06391586016917113,0.536063,95.0,0.674
4876,2,4906.61,11316.61,0.154999,0.06391033511207642,0.412048,95.9,0.667
4877,2,4907.28,11314.81,0.112689,0.06390480892006738,0.477953,96.7,0.662
4878,2,4907.95,11313.04,0.135484,0.06389928159338491,0.872735,95.4,0.671
4879,2,4908.62,11311.26,0.111663,0.06389375313226998,0.428847,95.7,0.6688
4880,2,4909.29,11309.49,0.114426,0.06388822353696356,0.919221,95.0,0.6734
4881,2,4909.99,11307.76,0.157043,0.0638826928077067,1.470245,93.5,0.6846
4882,2,4910.66,11305.99,0.149959,0.06387716094474048,0.741772,95.2,0.6725
4883,2,4911.34,11304.22,0.079392,0.06387162794830606,1.136106,94.7,0.6756
4884,2,4912.01,11302.44,0.080939,0.06386609381864461,1.224895,96.0,0.6669
4885,2,4912.68,11300.67,0.119413,0.0638605585559974,1.720914,94.9,0.6742
4886,2,4913.35,11298.9,0.13973,0.06385502216060569,1.610484,95.5,0.6699
4887,2,4914.03,11297.15,0.101372,0.06384948463271083,1.301463,94.0,0.6805
4888,2,4914.72,11295.4,0.107666,0.06384394597255422,0.760829,94.1,0.6803
4889,2,4915.39,11293.63,0.130826,0.06383840618037726,0.961367,95.2,0.6719
4890,2,4916.06,11291.87,0.117963,0.06383286525642147,1.071678,94.9,0.6747
4891,2,4916.75,11290.12,0.180115,0.06382732320092838,0.576432,94.2,0.6792
4892,2,4917.41,11288.33,0.162988,0.06382178001413956,0.514178,96.6,0.6625
4893,2,4918.08,11286.55,0.127472,0.06381623569629667,0.553428,96.0,0.6664
4894,2,4918.75,11284.78,0.103189,0.06381069024764138,0.516385,95.3,0.6718
4895,2,4919.41,11282.99,0.108706,0.06380514366841543,1.247508,96.6,0.6624
4896,2,4920.09,11281.24,0.184354,0.06379959595886059,1.184122,94.3,0.6788
4897,2,4920.76,11279.46,0.154139,0.06379404711921871,1.212945,96.3,0.6644
4898,2,4921.43,11277.69,0.140691,0.06378849714973166,1.093075,95.5,0.6702
4899,2,4922.11,11275.94,0.071807,0.06378294605064137,0.43572,94.7,0.6758
4900,2,4922.78,11274.16,0.121394,0.0637773938221898,0.352583,96.0,0.6666
4901,2,4923.45,11272.41,0.174685,0.06377184046461902,0.969412,95.4,0.6711
4902,2,4924.13,11270.65,0.141438,0.06376628597817109,0.684332,95.3,0.6714
4903,2,4924.81,11268.9,0.140103,0.06376073036308813,0.413766,94.5,0.6774
4904,2,4925.48,11267.13,0.136517,0.06375517361961232,0.476445,95.2,0.6723
4905,2,4926.16,11265.39,0.126348,0.06374961574798588,0.879457,94.0,0.6805
4906,2,4926.84,11263.64,0.160743,0.0637440567484511,0.983907,94.6,0.6766
4907,2,4927.51,11261.88,0.140112,0.06373849662125029,1.093714,95.1,0.6731
4908,2,4928.18,11260.11,0.157601,0.06373293536662585,0.906594,96.1,0.6657
4909,2,4928.85,11258.35,0.07612,0.06372737298482016,0.86239,95.5,0.6699
4910,2,4929.52,11256.58,0.123205,0.06372180947607571,1.029309,95.4,0.6709
4911,2,4930.2,11254.82,0.091576,0.06371624484063504,1.205281,95.2,0.672
4912,2,4930.88,11253.08,0.196192,0.0637106790787407,0.542463,94.6,0.6764
4913,2,4931.55,11251.32,0.132555,0.06370511219063531,0.510764,95.3,0.6719
4914,2,4932.22,11249.55,0.136922,0.06369954417656154,1.003127,95.9,0.6677
4915,2,4932.89,11247.8,0.109099,0.06369397503676211,0.407704,94.9,0.6746
4916,2,4933.57,11246.06,0.118228,0.06368840477147977,1.089182,94.6,0.6767
4917,2,4934.25,11244.31,0.152073,0.06368283338095737,1.020578,94.6,0.6768
4918,2,4934.93,11242.57,0.139055,0.06367726086543775,0.570806,94.3,0.6784
4919,2,4935.6,11240.81,0.149337,0.06367168722516382,0.923768,95.5,0.6701
4920,2,4936.28,11239.06,0.152786,0.06366611246037855,1.899761,95.1,0.6728
4921,2,4936.96,11237.32,0.155118,0.06366053657132495,0.779354,94.6,0.6766
4922,2,4937.63,11235.58,0.145317,0.06365495955824609,0.785627,94.8,0.6749
4923,2,4938.31,11233.83,0.111731,0.06364938142138506,0.418221,95.0,0.6737
4924,2,4938.98,11232.07,0.10899,0.06364380216098503,0.817435,95.4,0.6706
4925,2,4939.65,11230.31,0.130841,0.0636382217772892,1.376528,95.8,0.6684
4926,2,4940.33,11228.58,0.130532,0.06363264027054084,1.191183,93.9,0.6813
4927,2,4941.01,11226.84,0.107621,0.06362705764098325,0.78603,94.8,0.6753
4928,2,4941.69,11225.09,0.147709,0.06362147388885978,0.689794,95.1,0.6727
4929,2,4942.36,11223.34,0.17249,0.06361588901441381,0.790198,94.8,0.6752
4930,2,4943.04,11221.61,0.128479,0.06361030301788884,0.609425,94.3,0.6784
4931,2,4943.72,11219.86,0.159461,0.06360471589952833,1.235106,95.1,0.6728
4932,2,4944.39,11218.11,0.171556,0.06359912765957587,2.221254,95.2,0.6724
4933,2,4945.07,11216.38,0.214268,0.06359353829827502,1.347485,93.9,0.6812
4934,2,4945.75,11214.65,0.185879,0.06358794781586945,0.603571,94.1,0.6804
4935,2,4946.43,11212.91,0.110106,0.06358235621260284,0.873089,94.8,0.6748
4936,2,4947.1,11211.16,0.115537,0.06357676348871896,0.394835,95.3,0.6713
4937,2,4947.79,11209.43,0.180653,0.06357116964446156,0.732443,94.0,0.6808
4938,2,4948.46,11207.69,0.126615,0.06356557468007454,0.493902,95.1,0.6727
4939,2,4949.12,11205.92,0.125243,0.06355997859580176,0.590662,97.0,0.6598
4940,2,4949.8,11204.19,0.128994,0.06355438139188715,0.541415,93.8,0.6825
4941,2,4950.49,11202.47,0.120295,0.06354878306857471,0.529105,94.5,0.6773
4942,2,4951.17,11200.73,0.158083,0.0635431836261085,0.689398,94.7,0.6758
4943,2,4951.84,11198.98,0.104823,0.06353758306473258,0.92812,95.6,0.6695
4944,2,4952.51,11197.25,0.169216,0.06353198138469109,0.832864,94.9,0.6746
4945,2,4953.18,11195.49,0.115459,0.06352637858622821,0.728771,96.0,0.6664
4946,2,4953.85,11193.75,0.111231,0.0635207746695882,1.204433,95.2,0.6722
4947,2,4954.51,11191.97,0.157483,0.06351516963501531,1.274759,97.1,0.6592
4948,2,4955.19,11190.23,0.136558,0.06350956348275388,0.774213,95.1,0.673
4949,2,4955.86,11188.49,0.133381,0.06350395621304832,0.730084,95.2,0.6721
4950,2,4956.53,11186.74,0.123197,0.06349834782614301,0.997257,95.6,0.6694
4951,2,4957.2,11184.98,0.13351,0.06349273832228247,0.436032,96.7,0.6619
4952,2,4957.87,11183.25,0.118978,0.0634871277017112,0.389207,94.8,0.6751
4953,2,4958.55,11181.51,0.122208,0.06348151596467377,0.537004,95.3,0.6719
4954,2,4959.22,11179.76,0.072345,0.06347590311141482,0.443373,95.9,0.6676
4955,2,4959.88,11177.99,0.162707,0.063470289142179,0.412912,96.9,0.6606
4956,2,4960.55,11176.26,0.158392,0.06346467405721107,0.625777,95.0,0.6736
4957,2,4961.23,11174.52,0.16108,0.06345905785675575,0.937765,95.3,0.6712
4958,2,4961.9,11172.77,0.120096,0.06345344054105788,1.605966,95.5,0.6704
4959,2,4962.57,11171.04,0.155091,0.06344782211036233,1.627147,95.2,0.6723
4960,2,4963.24,11169.3,0.075921,0.06344220256491402,0.960687,95.2,0.6725
4961,2,4963.92,11167.57,0.123936,0.0634365819049579,0.617725,95.3,0.6713
4962,2,4964.6,11165.85,0.156314,0.063430960130739,0.580301,94.7,0.6755
4963,2,4965.26,11164.09,0.213936,0.06342533724250236,0.889766,96.3,0.6644
4964,2,4965.94,11162.36,0.13355,0.0634197132404931,0.523755,95.0,0.6738
4965,2,4966.61,11160.63,0.121241,0.06341408812495637,1.002801,95.1,0.6732
4966,2,4967.29,11158.89,0.128718,0.06340846189613739,1.419596,95.4,0.671
4967,2,4967.97,11157.17,0.194598,0.06340283455428138,0.80419,94.5,0.6774
4968,2,4968.64,11155.44,0.169997,0.06339720609963367,1.176805,94.8,0.6751
4969,2,4969.33,11153.74,0.197403,0.06339157653243964,1.048292,93.5,0.6845
4970,2,4970.01,11152.01,0.088875,0.06338594585294464,0.718115,94.7,0.6757
4971,2,4970.67,11150.26,0.099916,0.06338031406139415,0.667128,96.2,0.6655
4972,2,4971.36,11148.56,0.1277,0.06337468115803364,1.029929,93.4,0.685
4973,2,4972.03,11146.83,0.148675,0.06336904714310868,1.413253,95.0,0.6738
4974,2,4972.7,11145.08,0.17679,0.06336341201686485,1.123396,96.5,0.6631
4975,2,4973.37,11143.34,0.145446,0.06335777577954782,0.653105,96.1,0.6659
4976,2,4974.04,11141.61,0.109799,0.06335213843140323,0.776784,95.1,0.6731
4977,2,4974.72,11139.89,0.161817,0.06334649997267687,0.929821,94.7,0.6758
4978,2,4975.38,11138.13,0.147319,0.0633408604036145,0.436737,96.8,0.6611
4979,2,4976.05,11136.41,0.080933,0.06333521972446196,0.547943,95.2,0.6722
4980,2,4976.72,11134.67,0.114638,0.06332957793546513,0.668273,95.9,0.6676
4981,2,4977.4,11132.95,0.085932,0.06332393503686996,1.451581,95.3,0.6713
4982,2,4978.08,11131.23,0.177716,0.06331829102892242,1.164073,95.0,0.6736
4983,2,4978.75,11129.5,0.128094,0.06331264591186854,0.47387,94.9,0.6744
4984,2,4979.42,11127.76,0.117799,0.0633069996859544,0.697199,96.1,0.6663
4985,2,4980.11,11126.07,0.159359,0.06330135235142612,0.398597,93.5,0.6845
4986,2,4980.78,11124.34,0.113599,0.06329570390852987,0.870651,95.2,0.672
4987,2,4981.44,11122.59,0.08666,0.06329005435751191,0.350998,96.5,0.6634
4988,2,4982.12,11120.87,0.131411,0.06328440369861847,0.781008,94.9,0.6742
4989,2,4982.79,11119.14,0.177339,0.06327875193209588,0.999767,95.4,0.671
4990,2,4983.47,11117.43,0.123483,0.06327309905819052,0.502754,94.4,0.6778
4991,2,4984.15,11115.71,0.127327,0.0632674450771488,0.492855,95.1,0.6732
4992,2,4984.82,11114.0,0.151828,0.06326178998921718,1.464027,94.8,0.6754
4993,2,4985.5,11112.29,0.109559,0.06325613379464218,1.553837,94.0,0.6809
4994,2,4986.17,11110.55,0.171204,0.06325047649367035,1.223746,96.7,0.662
4995,2,4986.84,11108.83,0.157458,0.06324481808654832,1.023244,94.9,0.6746
4996,2,4987.52,11107.11,0.136418,0.0632391585735227,1.083464,95.0,0.6735
4997,2,4988.21,11105.42,0.155736,0.06323349795484025,0.584229,93.3,0.6861
4998,2,4988.87,11103.68,0.150209,0.06322783623074771,0.670217,96.7,0.6618
4999,2,4989.54,11101.96,0.106824,0.06322217340149186,0.529668,95.3,0.6719
5000,2,4990.24,11100.29,0.124179,0.06321650946731956,0.542583,92.1,0.6949
5001,2,4990.93,11098.6,0.083835,0.06321084442847771,0.671598,94.2,0.6795
5002,2,4991.59,11096.85,0.088602,0.06320517828521327,0.493933,97.0,0.6597
5003,2,4992.25,11095.12,0.158832,0.06319951103777323,1.647204,96.2,0.6651
5004,2,4992.93,11093.41,0.169815,0.06319384268640461,2.030685,94.7,0.6757
5005,2,4993.61,11091.69,0.194259,0.06318817323135453,2.21038,94.8,0.6753
5006,2,4994.28,11089.99,0.147191,0.06318250267287011,1.695917,94.7,0.6761
5007,2,4994.95,11088.26,0.172836,0.06317683101119854,1.64342,95.7,0.6689
5008,2,4995.63,11086.54,0.112592,0.06317115824658708,0.946345,95.6,0.6696
5009,2,4996.3,11084.82,0.177873,0.06316548437928296,0.946617,95.2,0.6725
5010,2,4996.96,11083.09,0.116722,0.06315980940953356,0.445422,96.4,0.664
5011,2,4997.64,11081.37,0.112462,0.06315413333758624,0.690072,95.2,0.6722
5012,2,4998.32,11079.67,0.108381,0.06314845616368842,0.777949,94.2,0.6792
5013,2,4998.98,11077.93,0.133898,0.06314277788808759,1.818261,96.9,0.6604
5014,2,4999.65,11076.22,0.163973,0.06313709851103128,1.23628,95.3,0.6718
5015,2,5000.33,11074.5,0.112697,0.06313141803276703,0.604386,95.3,0.6713
5016,2,5001.0,11072.78,0.175829,0.0631257364535425,0.630929,95.9,0.6675
5017,2,5001.67,11071.06,0.152483,0.06312005377360533,0.690499,95.8,0.6677
5018,2,5002.33,11069.32,0.103255,0.06311436999320323,0.366854,96.5,0.6632
5019,2,5003.01,11067.62,0.10957,0.063108685112584,0.557868,94.7,0.6761
5020,2,5003.68,11065.9,0.203677,0.06310299913199541,1.171403,95.7,0.6687
5021,2,5004.36,11064.21,0.111565,0.06309731205168533,0.927923,95.0,0.674
5022,2,5005.04,11062.51,0.085514,0.06309162387190168,1.020326,94.4,0.6779
5023,2,5005.71,11060.79,0.157273,0.06308593459289241,0.706866,95.5,0.6702
5024,2,5006.38,11059.08,0.145505,0.06308024421490553,0.797928,95.3,0.6716
5025,2,5007.05,11057.37,0.165363,0.06307455273818907,0.981865,95.5,0.6701
5026,2,5007.72,11055.65,0.097896,0.06306886016299115,0.689398,95.8,0.6679
5027,2,5008.4,11053.96,0.100677,0.0630631664895599,0.633587,94.2,0.6796
5028,2,5009.08,11052.25,0.115067,0.06305747171814353,0.413699,95.1,0.6731
5029,2,5009.75,11050.54,0.143072,0.06305177584899027,0.511098,95.2,0.6725
5030,2,5010.42,11048.83,0.169228,0.06304607888234842,0.761945,95.5,0.67
5031,2,5011.1,11047.13,0.143631,0.06304038081846633,0.914138,94.8,0.6751
5032,2,5011.78,11045.43,0.142132,0.06303468165759236,0.831232,95.0,0.6735
5033,2,5012.45,11043.73,0.153424,0.06302898139997497,0.417516,95.0,0.6737
5034,2,5013.13,11042.02,0.132455,0.0630232800458626,0.439956,94.9,0.6743
5035,2,5013.8,11040.32,0.133736,0.06301757759550382,0.486794,95.5,0.6703
5036,2,5014.48,11038.62,0.100204,0.0630118740491472,0.80762,94.6,0.6766
5037,2,5015.15,11036.91,0.136141,0.06300616940704135,1.13178,95.3,0.6714
5038,2,5015.83,11035.22,0.158159,0.06300046366943494,0.96695,94.7,0.6758
5039,2,5016.5,11033.51,0.123362,0.06299475683657671,0.877546,95.3,0.6716
5040,2,5017.18,11031.82,0.121894,0.06298904890871541,0.575426,94.5,0.677
5041,2,5017.85,11030.1,0.130137,0.06298333988609987,0.668291,96.7,0.6617
5042,2,5018.51,11028.38,0.129222,0.06297762976897896,1.324878,96.6,0.6628
5043,2,5019.19,11026.69,0.137049,0.06297191855760156,1.899873,94.6,0.6768
5044,2,5019.87,11025.01,0.146425,0.06296620625221667,1.744102,93.8,0.6823
5045,2,5020.54,11023.29,0.144212,0.06296049285307327,0.634793,96.5,0.6634
5046,2,5021.22,11021.6,0.152761,0.06295477836042042,0.398461,94.3,0.679
5047,2,5021.89,11019.91,0.111332,0.06294906277450724,0.496517,94.9,0.6745
5048,2,5022.57,11018.21,0.150061,0.06294334609558284,0.550496,95.2,0.6723
5049,2,5023.23,11016.48,0.129073,0.06293762832389646,0.945346,97.2,0.6586
5050,2,5023.9,11014.78,0.14718,0.06293190945969732,0.751684,95.0,0.6738
5051,2,5024.58,11013.09,0.141591,0.06292618950323471,0.735593,94.9,0.6747
5052,2,5025.25,11011.39,0.109242,0.06292046845475799,0.931133,95.2,0.6721
5053,2,5025.93,11009.7,0.135333,0.06291474631451653,0.814243,95.0,0.6734
5054,2,5026.6,11008.0,0.168917,0.06290902308275978,1.070171,95.2,0.6721
5055,2,5027.28,11006.3,0.125207,0.06290329875973721,0.589286,95.1,0.6731
5056,2,5027.95,11004.61,0.149439,0.06289757334569836,0.48854,95.0,0.6739
5057,2,5028.62,11002.91,0.126924,0.06289184684089281,0.578016,95.4,0.6706
5058,2,5029.29,11001.21,0.107666,0.06288611924557018,0.772214,95.4,0.6711
5059,2,5029.97,10999.51,0.14385,0.06288039055998015,0.412314,95.6,0.6697
5060,2,5030.64,10997.81,0.093221,0.06287466078437243,0.641515,95.4,0.671
5061,2,5031.32,10996.14,0.11871,0.0628689299189968,1.411734,94.4,0.6778
5062,2,5032.0,10994.45,0.159838,0.06286319796410307,1.608919,94.6,0.6763
5063,2,5032.67,10992.75,0.128287,0.06285746491994108,0.81566,95.5,0.6699
5064,2,5033.34,10991.06,0.130338,0.06285173078676079,0.391771,95.5,0.6703
5065,2,5034.01,10989.35,0.121543,0.06284599556481212,1.582049,96.3,0.6647
5066,2,5034.67,10987.63,0.123972,0.0628402592543451,1.788157,96.4,0.6637
5067,2,5035.35,10985.94,0.094879,0.06283452185560975,1.512366,95.4,0.6711
5068,2,5036.03,10984.27,0.102774,0.06282878336885621,0.480708,93.6,0.6836
5069,2,5036.71,10982.59,0.088982,0.0628230437943346,0.646733,95.0,0.674
5070,2,5037.38,10980.9,0.16169,0.06281730313229512,0.604918,95.0,0.6734
5071,2,5038.06,10979.2,0.15446,0.06281156138298803,0.399723,95.3,0.6716
5072,2,5038.73,10977.52,0.134934,0.06280581854666362,0.831001,95.1,0.6728
5073,2,5039.39,10975.81,0.08501,0.06280007462357219,0.885575,96.5,0.6629
5074,2,5040.07,10974.13,0.107359,0.06279432961396417,0.527967,94.4,0.6781
5075,2,5040.75,10972.45,0.078213,0.06278858351808998,1.076508,94.5,0.6772
5076,2,5041.42,10970.76,0.126529,0.06278283633620009,1.048275,95.4,0.671
5077,2,5042.13,10969.15,0.156589,0.06277708806854503,2.521959,90.5,0.7072
5078,2,5042.81,10967.46,0.129082,0.06277133871537538,0.886965,95.2,0.6721
5079,2,5043.49,10965.8,0.1205,0.06276558827694174,1.369917,93.7,0.6833
5080,2,5044.15,10964.09,0.161449,0.06275983675349481,1.766591,96.7,0.6621
5081,2,5044.83,10962.41,0.137668,0.0627540841452853,1.396702,94.9,0.6742
5082,2,5045.51,10960.73,0.196722,0.06274833045256395,1.106357,95.2,0.6722
5083,2,5046.18,10959.04,0.145861,0.0627425756755816,0.688765,95.1,0.6732
5084,2,5046.86,10957.36,0.157076,0.0627368198145891,1.02931,95.1,0.673
5085,2,5047.54,10955.69,0.198763,0.06273106286983735,1.24522,94.0,0.6812
5086,2,5048.21,10954.0,0.173533,0.0627253048415773,1.31531,95.5,0.67
5087,2,5048.88,10952.31,0.155881,0.06271954573005996,0.913743,95.5,0.6699
5088,2,5049.55,10950.62,0.120211,0.06271378553553637,0.888272,95.7,0.6686
5089,2,5050.22,10948.93,0.166195,0.06270802425825762,0.514085,95.6,0.6697
5090,2,5050.9,10947.25,0.136171,0.06270226189847487,0.620166,95.5,0.6699
5091,2,5051.57,10945.56,0.100695,0.06269649845643929,1.147925,95.3,0.6716
5092,2,5052.24,10943.88,0.110011,0.06269073393240213,1.046877,94.8,0.675
5093,2,5052.92,10942.21,0.107829,0.06268496832661465,0.484528,94.5,0.6769
5094,2,5053.6,10940.54,0.074561,0.0626792016393282,0.767213,94.3,0.6787
5095,2,5054.29,10938.89,0.116559,0.06267343387079416,0.533717,93.6,0.6841
5096,2,5054.95,10937.19,0.148557,0.06266766502126395,1.223051,96.4,0.6637
5097,2,5055.62,10935.49,0.255526,0.06266189509098903,2.431957,96.5,0.663
5098,2,5056.29,10933.81,0.134758,0.06265612408022093,1.179292,94.8,0.6753
5099,2,5056.97,10932.14,0.129564,0.06265035198921122,0.634809,95.0,0.6735
5100,2,5057.65,10930.46,0.172362,0.0626445788182115,0.972593,94.9,0.6745
5101,2,5094.97,11007.98,0.155646,0.06263880456747345,0.844484,92.2,0.6939
5102,2,5095.64,11006.26,0.13443,0.06263302923724876,0.660304,96.3,0.6647
5103,2,5096.32,11004.57,0.147709,0.06262725282778919,0.580904,94.8,0.6754
5104,2,5096.99,11002.86,0.121742,0.06262147533934655,0.763018,95.7,0.6688
5105,2,5097.66,11001.15,0.136649,0.06261569677217266,0.58454,95.4,0.671
5106,2,5098.33,10999.45,0.151174,0.06260991712651943,0.749401,95.3,0.6719
5107,2,5099.0,10997.75,0.150672,0.06260413640263882,1.409326,95.6,0.6698
5108,2,5099.67,10996.05,0.144972,0.06259835460078281,0.617092,95.4,0.6706
5109,2,5100.35,10994.36,0.096795,0.06259257172120342,1.111396,94.6,0.6767
5110,2,5101.03,10992.66,0.197629,0.06258678776415273,2.081676,95.1,0.6733
5111,2,5101.7,10990.97,0.131485,0.06258100272988291,1.508921,94.6,0.6764
5112,2,5102.37,10989.26,0.062456,0.06257521661864611,0.81795,96.4,0.6637
5113,2,5103.04,10987.55,0.116517,0.06256942943069455,0.66825,95.8,0.6684
5114,2,5103.71,10985.85,0.113032,0.0625636411662805,0.387745,95.6,0.6696
5115,2,5104.38,10984.15,0.120662,0.0625578518256563,1.100882,95.2,0.6721
5116,2,5105.05,10982.45,0.102775,0.0625520614090743,0.935389,95.5,0.6702
5117,2,5105.72,10980.74,0.109829,0.0625462699167869,0.98149,96.3,0.6646
5118,2,5106.39,10979.04,0.174678,0.06254047734904658,1.651351,95.4,0.6707
5119,2,5107.07,10977.35,0.115534,0.06253468370610585,1.102281,95.1,0.6732
5120,2,5107.73,10975.63,0.125448,0.06252888898821723,0.711477,96.7,0.662
5121,2,5108.43,10973.99,0.101348,0.06252309319563334,0.376495,92.8,0.69
5122,2,5110.07,10974.37,0.137667,0.06251729632860682,0.611335,39.1,1.6378
5123,2,5110.73,10972.65,0.185344,0.06251149838739038,0.457609,97.1,0.6592
5124,2,5111.4,10970.95,0.157007,0.06250569937223675,1.17523,95.7,0.669
5125,2,5112.06,10969.24,0.12637,0.06249989928339872,1.05583,96.6,0.6624
5126,2,5112.72,10967.52,0.102293,0.06249409812112911,0.514465,96.7,0.6617
5127,2,5113.4,10965.83,0.1427,0.06248829588568081,0.528769,95.3,0.6719
5128,2,5114.06,10964.12,0.112886,0.06248249257730676,0.775833,96.4,0.6637
5129,2,5114.73,10962.41,0.146528,0.062476688196259886,2.080478,96.2,0.6653
5130,2,5115.4,10960.72,0.20785,0.06247088274279327,1.536212,95.1,0.6728
5131,2,5116.07,10959.02,0.138567,0.062465076217159944,1.456603,95.8,0.6682
5132,2,5116.74,10957.33,0.115804,0.06245926861961301,0.652257,95.6,0.6693
5133,2,5117.43,10955.66,0.121726,0.06245345995040567,0.586118,93.6,0.6837
5134,2,5118.09,10953.95,0.123856,0.0624476502097911,0.626958,96.8,0.661
5135,2,5118.76,10952.26,0.106609,0.06244183939802258,1.071053,95.4,0.671
5136,2,5119.46,10950.61,0.092529,0.062436027515353376,1.496015,92.4,0.6929
5137,2,5120.12,10948.91,0.133225,0.062430214562036845,0.751666,96.1,0.6658
5138,2,5120.79,10947.22,0.159854,0.0624244005383264,0.957727,95.8,0.6683
5139,2,5121.47,10945.53,0.142836,0.062418585444475476,0.90909,94.9,0.6746
5140,2,5122.14,10943.85,0.10044,0.06241276928073755,0.861111,95.3,0.6716
5141,2,5122.82,10942.17,0.154532,0.06240695204736617,0.990885,95.3,0.6718
5142,2,5123.51,10940.51,0.15536,0.06240113374461491,0.634528,93.6,0.6838
5143,2,5124.18,10938.82,0.105276,0.06239531437273739,0.769358,95.5,0.67
5144,2,5124.85,10937.13,0.15699,0.0623894939319873,1.653238,95.5,0.6703
5145,2,5125.53,10935.45,0.157916,0.062383672422618344,2.367545,94.7,0.6756
5146,2,5126.19,10933.75,0.173127,0.06237784984488431,1.20291,96.1,0.6657
5147,2,5126.86,10932.06,0.14559,0.062372026199038984,0.705357,95.7,0.6685
5148,2,5127.55,10930.41,0.169571,0.062366201485336246,1.254938,92.9,0.6888
5149,2,5128.23,10928.73,0.130765,0.06236037570403,0.964961,95.1,0.6729
5150,2,5128.89,10927.02,0.141149,0.062354548855374184,0.531529,97.2,0.6584
5151,2,5129.56,10925.33,0.073226,0.06234872093962283,0.32288,95.4,0.6712
5152,2,5130.23,10923.64,0.146601,0.06234289195702995,1.065702,95.8,0.6682
5153,2,5130.9,10921.96,0.096761,0.062337061907849656,0.740095,95.1,0.6733
5154,2,5131.59,10920.3,0.085301,0.062331230792336094,1.037014,94.1,0.6804
5155,2,5132.26,10918.62,0.157568,0.06232539861074343,1.249446,95.0,0.6735
5156,2,5132.92,10916.92,0.169795,0.06231956536332591,1.88771,96.9,0.6607
5157,2,5133.61,10915.26,0.174621,0.06231373105033781,0.537665,93.7,0.6829
5158,2,5134.28,10913.57,0.129804,0.062307895672033445,0.866764,95.8,0.6677
5159,2,5134.95,10911.88,0.094013,0.062302059228667196,0.839098,95.8,0.6681
5160,2,5135.62,10910.21,0.167975,0.0622962217204935,0.437468,94.7,0.6758
5161,2,5136.3,10908.55,0.149908,0.06229038314776678,0.615783,95.1,0.6728
5162,2,5136.97,10906.86,0.12282,0.062284543510741586,1.502716,95.9,0.6674
5163,2,5137.65,10905.2,0.202178,0.06227870280967246,2.097214,94.0,0.6807
5164,2,5138.33,10903.53,0.132571,0.062272861044814,1.042087,95.0,0.6736
5165,2,5138.99,10901.82,0.138546,0.06226701821642086,1.152566,97.4,0.6574
5166,2,5139.66,10900.13,0.171502,0.06226117432474775,1.557801,96.0,0.6665
5167,2,5140.32,10898.43,0.19362,0.06225532937004939,1.049838,96.6,0.6625
5168,2,5140.99,10896.74,0.1213,0.06224948335258059,0.404314,96.0,0.667
5169,2,5141.66,10895.07,0.091521,0.06224363627259618,0.76102,95.3,0.6714
5170,2,5142.34,10893.42,0.135901,0.06223778813035103,0.509088,93.7,0.683
5171,2,5143.01,10891.73,0.156443,0.06223193892610007,0.550875,95.9,0.6675
5172,2,5143.68,10890.04,0.167981,0.06222608866009829,0.784782,96.2,0.6653
5173,2,5144.34,10888.34,0.156611,0.062220237332600695,1.003414,97.1,0.6591
5174,2,5145.01,10886.66,0.108832,0.06221438494386236,2.399105,95.6,0.6692
5175,2,5145.68,10884.99,0.185446,0.062208531494138394,0.999936,95.4,0.6709
5176,2,5146.36,10883.32,0.110982,0.06220267698368396,0.621227,94.7,0.676
5177,2,5147.03,10881.65,0.14999,0.062196821412754254,0.822856,95.4,0.6709
5178,2,5147.7,10879.96,0.110063,0.062190964781604546,1.871276,96.3,0.6649
5179,2,5148.39,10878.33,0.160483,0.062185107090490126,0.976219,92.5,0.6917
5180,2,5149.05,10876.63,0.114934,0.06217924833966633,0.43688,97.4,0.6572
5181,2,5149.71,10874.93,0.106074,0.06217338852938856,0.749254,97.4,0.6569
5182,2,5150.39,10873.27,0.165272,0.06216752765991225,0.516802,94.5,0.6772
5183,2,5151.07,10871.6,0.129678,0.06216166573149288,0.961059,95.4,0.671
5184,2,5151.74,10869.93,0.077244,0.06215580274438598,0.792973,95.4,0.6709
5185,2,5152.41,10868.25,0.130022,0.062149938698847135,0.834907,95.6,0.6692
5186,2,5153.07,10866.56,0.159975,0.062144073595131945,0.47473,96.9,0.6608
5187,2,5153.74,10864.89,0.099163,0.06213820743349609,0.472911,95.5,0.6701
5188,2,5154.4,10863.2,0.174735,0.06213234021419529,0.693893,96.9,0.6605
5189,2,5155.06,10861.5,0.145118,0.06212647193748531,0.583488,97.2,0.6584
5190,2,5155.73,10859.81,0.109653,0.06212060260362192,0.626212,96.5,0.663
5191,2,5156.4,10858.14,0.082779,0.06211473221286102,0.7657,95.7,0.6685
5192,2,5157.07,10856.46,0.09784,0.06210886076545847,1.168756,95.7,0.6689
5193,2,5157.75,10854.81,0.147741,0.06210298826167022,1.813058,94.6,0.6764
5194,2,5158.42,10853.14,0.258128,0.06209711470175228,2.078052,95.2,0.6726
5195,2,5159.09,10851.47,0.158755,0.06209124008596068,1.090004,95.8,0.6681
5196,2,5159.77,10849.81,0.161335,0.062085364414551494,0.811081,94.8,0.6751
5197,2,5160.43,10848.12,0.12123,0.06207948768778085,0.411611,97.0,0.6601
5198,2,5161.1,10846.45,0.126741,0.062073609905904915,0.480761,95.6,0.6692
5199,2,5161.77,10844.79,0.171565,0.06206773106917994,1.064099,95.3,0.6715
5200,2,5162.45,10843.13,0.144103,0.06206185117786215,0.948737,94.7,0.6755
5201,2,5163.17,10841.56,0.12328,0.062055970232207894,0.529202,95.5,0.6703
5202,2,5163.84,10839.89,0.139276,0.062050088232473516,0.501135,95.8,0.6679
5203,2,5164.51,10838.23,0.133792,0.06204420517891541,0.904569,95.2,0.6722
5204,2,5165.19,10836.57,0.117067,0.062038321071790026,0.894116,94.7,0.6759
5205,2,5165.85,10834.89,0.151733,0.06203243591135387,0.622883,97.1,0.6594
5206,2,5166.52,10833.22,0.125869,0.062026549697863496,0.61199,95.6,0.6691
5207,2,5167.19,10831.55,0.154575,0.06202066243157548,0.664216,95.7,0.6691
5208,2,5167.86,10829.89,0.119379,0.06201477411274644,1.286553,95.3,0.6717
5209,2,5168.55,10828.25,0.098483,0.062008884741633075,0.963086,93.9,0.6815
5210,2,5169.21,10826.58,0.223344,0.062002994318492106,0.895805,95.9,0.667
5211,2,5169.89,10824.92,0.124003,0.061997102843580294,0.461382,95.1,0.6733
5212,2,5170.57,10823.27,0.113293,0.061991210317154474,1.255269,94.8,0.6754
5213,2,5171.23,10821.59,0.213208,0.06198531673947149,1.031212,96.3,0.6643
5214,2,5171.92,10819.96,0.147175,0.06197942211078826,0.722941,93.6,0.6838
5215,2,5172.59,10818.31,0.118368,0.061973526431361746,1.163598,94.9,0.6742
5216,2,5173.26,10816.64,0.160226,0.06196762970144894,1.100167,95.7,0.6689
5217,2,5173.93,10814.98,0.157497,0.06196173192130688,0.414419,95.7,0.6688
5218,2,5174.6,10813.31,0.109904,0.06195583309119268,0.764368,95.6,0.6693
5219,2,5175.27,10811.65,0.134735,0.06194993321136345,0.442634,95.8,0.6683
5220,2,5175.94,10809.99,0.187909,0.061944032282076386,0.841551,95.7,0.6685
5221,2,5176.62,10808.33,0.159999,0.06193813030358873,1.086753,96.4,0.664
5222,2,5177.28,10806.66,0.156486,0.061932227276157756,1.004859,95.9,0.6672
5223,2,5177.95,10805.0,0.10672,0.06192632320004076,1.227301,95.5,0.6699
5224,2,5178.63,10803.35,0.12029,0.061920418075495136,1.631981,95.3,0.6716
5225,2,5179.3,10801.7,0.144257,0.06191451190277827,0.712617,95.1,0.673
5226,2,5179.98,10800.04,0.086512,0.06190860468214765,0.764754,95.2,0.672
5227,2,5180.65,10798.38,0.174415,0.061902696413860744,0.855676,95.5,0.6698
5228,2,5181.31,10796.72,0.150254,0.06189678709817513,0.508643,96.4,0.6638
5229,2,5181.99,10795.08,0.154533,0.06189087673534839,1.188231,94.4,0.6779
5230,2,5182.67,10793.43,0.119785,0.061884965325638176,1.551931,94.9,0.6745
5231,2,5183.34,10791.78,0.118683,0.061879052869302155,1.047814,95.2,0.6723
5232,2,5184.01,10790.11,0.110668,0.06187313936659807,0.391768,95.9,0.6671
5233,2,5184.68,10788.46,0.124135,0.0618672248177837,0.785105,95.3,0.6719
5234,2,5185.36,10786.82,0.184132,0.06186130922311686,0.591894,95.1,0.6732
5235,2,5186.04,10785.17,0.155743,0.06185539258285543,0.821023,94.9,0.6747
5236,2,5186.7,10783.5,0.128896,0.061849474897257326,0.620406,96.8,0.661
5237,2,5187.37,10781.84,0.081644,0.06184355616658049,0.658349,95.9,0.667
5238,2,5188.04,10780.18,0.082078,0.06183763639108293,0.712269,95.5,0.67
5239,2,5188.7,10778.51,0.097041,0.06183171557102272,0.653803,96.7,0.6618
5240,2,5189.37,10776.86,0.098271,0.06182579370665794,0.936841,95.6,0.6695
5241,2,5190.05,10775.23,0.08996,0.06181987079824671,1.97586,94.7,0.6758
5242,2,5190.72,10773.56,0.194353,0.061813946846047255,2.113404,96.7,0.6616
5243,2,5191.38,10771.9,0.100173,0.06180802185031779,0.899025,96.1,0.6659
5244,2,5192.06,10770.25,0.113858,0.0618020958113166,0.605095,95.3,0.6714
5245,2,5192.73,10768.6,0.131875,0.061796168729302,1.252657,95.2,0.6723
5246,2,5193.4,10766.95,0.090972,0.06179024060453236,2.015625,95.6,0.6697
5247,2,5194.07,10765.31,0.187938,0.0617843114372661,1.912635,95.3,0.6717
5248,2,5194.74,10763.65,0.156406,0.061778381227761685,1.879432,95.6,0.6697
5249,2,5195.42,10762.01,0.146697,0.0617724499762776,0.833861,95.4,0.671
5250,2,5196.09,10760.36,0.121603,0.06176651768307242,1.334817,95.5,0.6704
5251,2,5196.77,10758.73,0.104492,0.061760584348404736,0.557793,94.4,0.6782
5252,2,5197.43,10757.05,0.110572,0.061754649972533174,0.677296,97.2,0.6582
5253,2,5198.09,10755.39,0.149153,0.06174871455571644,1.197469,96.8,0.6611
5254,2,5198.76,10753.74,0.144006,0.06174277809821324,1.941092,95.8,0.6679
5255,2,5199.43,10752.09,0.153272,0.061736840600282394,1.412638,95.4,0.6708
5256,2,5200.1,10750.44,0.109476,0.06173090206218269,1.415219,95.5,0.6702
5257,2,5200.78,10748.8,0.13011,0.06172496248417301,0.920454,95.6,0.6694
5258,2,5201.46,10747.17,0.131641,0.061719021866512264,0.601965,94.1,0.6804
5259,2,5202.13,10745.54,0.141572,0.061713080209459426,0.496763,94.8,0.6754
5260,2,5202.79,10743.87,0.172423,0.06170713751327348,1.231784,97.1,0.659
5261,2,5203.47,10742.23,0.15936,0.06170119377821348,0.906576,95.6,0.6695
5262,2,5204.14,10740.59,0.091851,0.06169524900453854,0.626731,95.4,0.6707
5263,2,5204.81,10738.94,0.175509,0.061689303192507774,0.560099,95.7,0.6685
5264,2,5205.48,10737.29,0.092852,0.06168335634238038,0.538391,96.0,0.6669
5265,2,5206.15,10735.65,0.084904,0.06167740845441559,0.462362,95.6,0.6692
5266,2,5206.82,10734.01,0.104475,0.06167145952887268,0.555711,95.4,0.6709
5267,2,5207.5,10732.37,0.131343,0.06166550956601097,0.963709,94.8,0.6753
5268,2,5208.16,10730.72,0.136796,0.06165955856608983,1.258733,96.6,0.6627
5269,2,5208.84,10729.08,0.149746,0.06165360652936866,1.087451,95.2,0.6726
5270,2,5209.51,10727.44,0.129966,0.061647653456106934,1.882212,95.5,0.6698
5271,2,5210.19,10725.81,0.126521,0.06164169934656414,1.492701,94.7,0.6761
5272,2,5210.85,10724.16,0.134805,0.06163574420099984,1.352275,96.3,0.6648
5273,2,5211.53,10722.53,0.130064,0.061629788019673615,1.22487,94.7,0.676
5274,2,5212.21,10720.91,0.155749,0.061623830802845114,1.326029,94.1,0.6805
5275,2,5212.89,10719.28,0.11837,0.061617872550774,0.69892,95.0,0.6735
5276,2,5213.56,10717.63,0.080541,0.061611913263720015,0.363922,95.6,0.6695
5277,2,5214.23,10716.0,0.095577,0.06160595294194293,1.135184,95.6,0.6696
5278,2,5214.91,10714.37,0.139657,0.06159999158570256,1.786289,94.7,0.6759
5279,2,5215.59,10712.75,0.087048,0.061594029195258776,1.363325,94.0,0.6809
5280,2,5216.26,10711.11,0.161964,0.06158806577087149,0.599135,95.5,0.6703
5281,2,5216.94,10709.51,0.151307,0.06158210131280064,0.71744,94.5,0.6771
5282,2,5217.62,10707.88,0.163134,0.06157613582130623,1.361634,94.5,0.6775
5283,2,5218.29,10706.24,0.129233,0.06157016929664831,1.354467,95.7,0.6687
5284,2,5218.98,10704.63,0.104746,0.061564201739086964,1.811118,94.1,0.6801
5285,2,5219.65,10702.99,0.153476,0.06155823314888233,1.007963,95.6,0.6692
5286,2,5220.32,10701.35,0.092419,0.061552263526294566,1.072461,95.5,0.6699
5287,2,5220.99,10699.73,0.109719,0.06154629287158392,1.582635,95.0,0.6739
5288,2,5221.67,10698.1,0.122007,0.061540321185010655,0.67299,94.9,0.6745
5289,2,5222.34,10696.46,0.171874,0.06153434846683508,0.983341,95.6,0.6692
5290,2,5223.01,10694.84,0.111052,0.06152837471731756,1.016516,94.9,0.6744
5291,2,5223.68,10693.19,0.136777,0.0615223999367185,1.386838,96.2,0.6656
5292,2,5224.36,10691.57,0.122147,0.061516424125298334,0.829136,95.1,0.673
5293,2,5225.03,10689.93,0.097998,0.06151044728331757,0.593879,95.7,0.6685
5294,2,5225.7,10688.31,0.117914,0.06150446941103673,0.453253,94.5,0.677
5295,2,5226.38,10686.68,0.095224,0.06149849050871642,0.846057,95.2,0.6722
5296,2,5227.04,10685.03,0.124857,0.061492510576617254,0.58099,96.6,0.6625
5297,2,5227.71,10683.4,0.159889,0.0614865296149999,1.174752,95.4,0.6709
5298,2,5228.38,10681.77,0.149715,0.06148054762412509,2.006341,95.5,0.6701
5299,2,5229.05,10680.12,0.1384,0.06147456460425358,1.670758,96.8,0.6614
5300,2,5229.72,10678.5,0.139414,0.06146858055564617,1.434834,95.3,0.6716
5301,2,5230.39,10676.86,0.168882,0.06146259547856373,2.091012,96.4,0.664
5302,2,5231.06,10675.23,0.14268,0.06145660937326714,1.390319,95.6,0.6693
5303,2,5231.73,10673.6,0.145213,0.06145062224001737,0.800765,95.6,0.6696
5304,2,5232.41,10671.98,0.12309,0.06144463407907536,0.401761,95.0,0.6739
5305,2,5233.08,10670.35,0.155888,0.06143864489070217,0.598503,95.4,0.671
5306,2,5233.75,10668.72,0.162704,0.06143265467515889,0.653012,96.1,0.6659
5307,2,5234.41,10667.07,0.113399,0.06142666343270663,1.15973,96.9,0.6606
5308,2,5235.08,10665.44,0.136154,0.061420671163606534,1.74226,95.3,0.6713
5309,2,5235.75,10663.81,0.140087,0.06141467786811984,1.058844,95.8,0.6682
5310,2,5236.43,10662.19,0.125556,0.0614086835465078,0.850327,95.4,0.6708
5311,2,5237.09,10660.55,0.142632,0.0614026881990317,0.711341,96.7,0.662
5312,2,5237.76,10658.91,0.174854,0.0613966918259529,1.429513,96.3,0.6643
5313,2,5238.42,10657.27,0.177847,0.06139069442753279,1.413112,96.2,0.6651
5314,2,5239.08,10655.63,0.140612,0.06138469600403279,0.686093,96.7,0.6616
5315,2,5239.75,10653.99,0.165864,0.06137869655571439,0.625019,96.7,0.662
5316,2,5240.43,10652.39,0.082714,0.06137269608283911,1.045342,93.9,0.6817
5317,2,5241.09,10650.75,0.141361,0.06136669458566852,0.377762,96.6,0.6625
5318,2,5241.76,10649.12,0.161153,0.061360692064464234,0.738104,95.9,0.6676
5319,2,5242.43,10647.48,0.141147,0.0613546885194879,0.549599,96.7,0.6619
5320,2,5243.09,10645.84,0.110082,0.06134868395100124,0.39834,96.5,0.6629
5321,2,5243.76,10644.21,0.133666,0.06134267835926599,1.276103,96.2,0.6654
5322,2,5244.43,10642.58,0.184917,0.061336671744543936,1.536758,96.3,0.6643
5323,2,5245.09,10640.94,0.155129,0.061330664107096936,1.642231,96.4,0.6637
5324,2,5245.76,10639.32,0.199269,0.06132465544718684,1.723971,95.4,0.6708
5325,2,5246.43,10637.7,0.155574,0.061318645765075584,1.857912,95.6,0.6694
5326,2,5247.1,10636.07,0.163749,0.061312635061025154,1.019286,96.0,0.6665
5327,2,5247.77,10634.45,0.099349,0.06130662333529755,0.53136,95.8,0.6684
5328,2,5248.44,10632.81,0.113733,0.06130061058815483,0.755382,96.4,0.664
5329,2,5249.1,10631.18,0.099145,0.0612945968198591,1.164314,96.4,0.6639
5330,2,5249.77,10629.55,0.092976,0.061288582030672514,1.436322,96.3,0.6644
5331,2,5250.43,10627.91,0.143476,0.06128256622085725,0.871616,96.5,0.663
5332,2,5251.1,10626.28,0.094072,0.061276549390675554,0.425117,96.3,0.6646
5333,2,5251.76,10624.66,0.149822,0.061270531540389715,1.343035,96.1,0.6657
5334,2,5252.43,10623.03,0.16786,0.061264512670262054,1.646943,95.9,0.6672
5335,2,5253.1,10621.41,0.130925,0.06125849278055494,0.365626,96.0,0.6668
5336,2,5253.77,10619.78,0.170795,0.06125247187153078,1.074331,96.6,0.6627
5337,2,5254.43,10618.14,0.121077,0.06124644994345204,0.4748,96.8,0.6614
5338,2,5255.09,10616.51,0.122773,0.06124042699658123,0.591125,96.7,0.6619
5339,2,5255.76,10614.88,0.131879,0.06123440303118089,0.498547,95.9,0.6671
5340,2,5256.43,10613.26,0.053822,0.061228378047513625,0.518222,96.2,0.6654
5341,2,5257.1,10611.64,0.105843,0.061222352045842046,0.457672,96.4,0.6637
5342,2,5257.77,10610.02,0.111229,0.06121632502642886,0.48844,96.1,0.6657
5343,2,5258.43,10608.39,0.135502,0.061210296989536776,0.415897,96.1,0.6658
5344,2,5259.1,10606.76,0.102586,0.06120426793542858,0.795665,96.8,0.6613
5345,2,5259.76,10605.13,0.187747,0.061198237864367074,0.840304,96.7,0.662
5346,2,5260.42,10603.5,0.102352,0.06119220677661512,0.573005,96.4,0.6637
5347,2,5261.09,10601.87,0.10743,0.06118617467243561,0.760614,96.8,0.6611
5348,2,5261.75,10600.24,0.113769,0.06118014155209152,0.565439,96.9,0.6605
5349,2,5262.41,10598.6,0.152417,0.061174107415845815,0.633316,97.0,0.6601
5350,2,5263.07,10596.98,0.1131,0.061168072263961544,1.047006,96.3,0.6643
5351,2,5263.74,10595.35,0.103224,0.061162036096701775,0.490345,96.5,0.6635
5352,2,5264.4,10593.72,0.145685,0.061155998914329636,0.949005,97.0,0.6597
5353,2,5265.06,10592.09,0.157725,0.061149960717108306,1.300506,97.0,0.6598
5354,2,5265.73,10590.46,0.127467,0.06114392150530099,1.15454,96.4,0.6639
5355,2,5266.39,10588.83,0.156416,0.061137881279170955,1.22813,96.8,0.6613
5356,2,5267.05,10587.2,0.154245,0.061131840038981484,1.57872,97.2,0.6587
5357,2,5267.71,10585.58,0.113534,0.061125797784995946,1.424143,96.4,0.6637
5358,2,5268.38,10583.95,0.124512,0.0611197545174777,1.081603,96.6,0.6624
5359,2,5269.04,10582.32,0.131652,0.06111371023669021,0.593399,97.1,0.6589
5360,2,5269.71,10580.71,0.164754,0.06110766494289693,0.925569,95.5,0.6701
5361,2,5270.39,10579.11,0.157345,0.06110161863636141,0.572605,95.5,0.6705
5362,2,5271.05,10577.48,0.111831,0.061095571317347185,0.673887,97.0,0.6595
5363,2,5271.71,10575.86,0.192754,0.061089522986117896,1.120801,96.5,0.6634
5364,2,5272.37,10574.24,0.158715,0.061083473642937175,2.081745,96.5,0.663
5365,2,5273.04,10572.61,0.18084,0.06107742328806873,1.121528,97.0,0.6601
5366,2,5273.7,10570.98,0.119869,0.061071371921776293,1.022825,97.0,0.6599
5367,2,5274.36,10569.36,0.128884,0.061065319544323676,0.977273,96.8,0.6613
5368,2,5275.02,10567.74,0.145401,0.061059266155974685,0.96062,96.3,0.6643
5369,2,5275.69,10566.12,0.144356,0.06105321175699321,1.755171,96.4,0.6641
5370,2,5276.35,10564.5,0.176883,0.061047156347643156,1.746361,96.6,0.6623
5371,2,5277.02,10562.88,0.172271,0.06104109992818849,1.070162,96.3,0.6646
5372,2,5277.68,10561.26,0.147866,0.061035042498893244,0.812529,96.4,0.6639
5373,2,5278.35,10559.65,0.118331,0.061028984060021434,1.188433,96.4,0.6641
5374,2,5278.63,10557.27,0.232856,0.06102292461183719,0.851485,81.2,0.2832
5375,3,5284.82,10566.69,0.143591,0.06101686415460461,0.536265,84.5,0.7572
5376,3,5285.51,10565.12,0.140477,0.061010802688587905,0.927823,93.9,0.6817
5377,3,5286.2,10563.55,0.11468,0.0610047402140513,1.074098,93.0,0.6882
5378,3,5286.88,10561.96,0.199306,0.06099867673125906,1.505652,94.1,0.68
5379,3,5287.56,10560.38,0.116809,0.0609926122404755,1.097483,93.8,0.6821
5380,3,5288.25,10558.81,0.131258,0.060986546741964985,0.596153,93.5,0.6842
5381,3,5288.95,10557.25,0.136042,0.06098048023599192,0.574983,93.2,0.6868
5382,3,5289.63,10555.66,0.08625,0.06097441272282074,0.952936,94.3,0.6789
5383,3,5290.31,10554.08,0.114831,0.06096834420271595,1.165972,94.0,0.6808
5384,3,5290.99,10552.49,0.132542,0.06096227467594206,0.821906,94.3,0.6787
5385,3,5291.68,10550.93,0.07203,0.06095620414276368,0.442799,92.5,0.6921
5386,3,5292.37,10549.37,0.121967,0.06095013260344542,1.003538,92.8,0.6894
5387,3,5293.06,10547.8,0.140402,0.06094406005825193,0.635927,93.3,0.6861
5388,3,5293.74,10546.21,0.09197,0.060937986507447944,1.224999,94.8,0.6755
5389,3,5294.42,10544.63,0.185555,0.06093191195129822,1.215007,94.1,0.6798
5390,3,5295.1,10543.04,0.118308,0.060925836390067524,0.877837,94.6,0.6763
5391,3,5295.77,10541.45,0.187854,0.060919759824020724,1.026211,94.5,0.6775
5392,3,5296.46,10539.87,0.065557,0.060913682253422696,1.402898,94.5,0.6775
5393,3,5297.12,10538.25,0.190068,0.06090760367853837,2.374844,96.4,0.6637
5394,3,5297.79,10536.64,0.163953,0.060901524099632724,1.014854,96.3,0.6647
5395,3,5298.47,10535.07,0.129613,0.06089544351697077,0.808688,93.7,0.6829
5396,3,5299.13,10533.45,0.123732,0.06088936193081757,1.113667,97.5,0.6567
5397,3,5299.81,10531.87,0.140245,0.06088327934143822,0.989166,94.1,0.6799
5398,3,5300.47,10530.24,0.152997,0.06087719574909789,0.572102,97.4,0.6572
5399,3,5301.15,10528.66,0.145885,0.06087111115406175,0.779757,94.6,0.6763
5400,3,5301.84,10527.09,0.169975,0.060865025556595044,1.474604,93.2,0.6868
